402 PIETER D'AILLY - PIETER DE VAUcmL

1191911111111191111 1911119991, 1111191191 111 1111191111, hardinus, 11911
19 Brussel inquisiteurs 191 om de overblijtsels 111 Β199111911119’1 99919 19
911911111191 (9. 1410), 1, 266161 ; - 19199119911 19 Kamerijk, 11 nmen·
werking met den inquisiteur, 191 811119119191 11911911199191 Willem
van Hildernissem met de 19111391 191 AEgidius 091191 91 111 19 1199199
{memmiae (12 Juni 1111), 1. 267-279; - 191991199111999111119111111191
1191111991 (1111911 19391 19 81991911 91 1111911 111 1191 39119919 19191,
1991391119111 op het Algemeen Concilio 19 09111911 (9. 1118), 11111911
- 191 19 19911991191191191191191 19 (191191, 1111191191 191Η993ω911991
van Par1js‚ 11221.

1191910919111919111) 191111191 191 11111 111 1191119191 1193919 laste·
ring van 19 111131 Maria 91 191 0111191111 11 1191 1911119919111911111111
19 11911( 3911911, 393991911, 19 1913 1991119911 91 1111199119191 39111191
(15111515), 1, 505.

119191 1’11111,11991191 11 19 391391991111911, 991119 11911111911 1911119911
19391 191111391191 1191119111 (1138), 111, 160.

119191 1911919, 39191911 191 11311111919119, 11111 11199191 1119919199 Ser·
11119119 09191111 11 19 1191199ρί13 111191 1911911191 blj (12 April 1118),
11, 210, 215.

1191911919191191, 19 0911 1193911 3911191191113 ι· 11 19 mande · 191-

19913911911 91 191 1111113 (1191 ballingschap 19199119911 (10 Nov. 1181),
ΙΙ, 211. .

119191 19 111191911,991111111191191 191 Montpellier, later van Kamerijk
(13211326) 91 9111911111 111 Bayeux, hardnekkig bestrijder 191 119119τὶ1.
ΙΙΙ, 161.

119191 19 11119, 39139199119,119911 19 1191191 moeilljkheden 1191191191119
1191111391, 11919191 19 9139119919 1191111911, 1111911119119 1191 1191

, gevoelen van Ρ19191 19 11119911, 1111 9911991 1111919911(2811111411).
1, 423; ΙΙΙ, nx.

119191(1111111, 111191) 199 01191199, 111 Domai, op 9919 3911911119 111991-
191911 1991 191 1193111111( 1191 1191 11139191191(25Μ11111421)),1991191
3999191111 9119119911 111 191 1111191199 111 11199111 11139191911911991
191911 91 191 11911111911911 191119111391191191 19199119911, 19 11119911
1991191 bisschop 91 19 11911911 1991 191 11911111911 1991911111 91 1991
1191 9919111111( 39199111 911911 19111111 (0 91 10 Μ91 1420), 1, 209102ς 111,
56-623 - 19 191191111911111113 113191 39919191 1911191191 (19 1011911111).
111, 01, 109-111.

Pictor 1919119911, (119199991 in 19 39139199111191119 Parijs, onderhoudt
met Gillis 01111919919 11191119191113 over 9919 1911991119 11911113 aangaaude
19119931 Maria 91 St. ,191 (191 1111391191 1911911191 91 19 1191191111( 39111
11111 (9 101111 1166),1,119·120;-111) 1111 39199191 11 19 1111( 111111
Leuvenschen 39139199119Ρ19191 1911119 911111 19 1139119919 1191191191
1199191119 0911911911 111 (2811111 1471), Ι, 423.

 

