384 MATTHIAS OAPITOLI - ΜΕΙΝΕΕΙ)

1111111111 11011011, 0111111111, 10110001111101 10 de bisdommen Amiens,
1111101110 Terenburg 1103111111 (10 Nov. 1504), 111. 155.

1111111111 11111111, 1111111, notaris 110 11131111111111 hot 10 11001011, 11
311013110 11011111111111101111111111110 110 11111110 110 111 11111131ᾱί03
11310 11101111811101111123110. 1423), 11, 216.

11111111· vander 110111, te (11010131011110011103 110 111 1111113 8111110001
10011111113111131110010 (31101. 1402), 11. 272-280.

1111111 (1101111111). 111 1101111 1111111.

1111111131 (1101101111οι), 10 110130101100301111 200 (1111111111 11111111
11 1100101101 Sept. 1349), [1, 193); 11, 99, 106.

1110111110100110). zie 11001 1110111111.
ummo (11110). 111111 11111011.

111ιί111110 111 9011101111, 1100011111 1100103. 111111311111101111110 edict
uit, 011111) hij de 100011111011 Hendrik 101111011110110018011031100101
11101 11101111103 011101 (61101. 11861111, 141145, 141·148; - 1111111101111
11100011, 01101110 111011111111110111001111 van 1111100110 10 1000111101,
10111111111111110 111010 1000 Philips den Schoone 110 (1490). 111, 113.

111ιὶ011111 110 0011101111,1111111, 11111131, met 11111111103 111111110
0111111111111310 11 30111111111111 (1111001 1500), 111, 158-159.

1110111111(Μο11011).11010111310310 110 110 01131111111110 110110 111
11 111111 111111111ος11 (1111111111 011 111111110(0111103. 1319111, 114;
- 1101311111111111011111110101111110 110 11 111111 111011 (1111111111
011 Κ10110 10 110 11 (1111111111 11 11010011(1319),11,115;-1110131111111
11111111110 11 Μ111111111 (1111111111 11 81011 (1349 01 1350111, 115; - 11
111111111111111111111111 1110110 (1340 01 1350), 11, 115ς -1111101111111
(1111111111 011111011310 11011111101110 1111011111 11010 11111, 111011)
1111111110 1001 (11111101 op het 111111 11181Ρ111111111111 11 Jerusalem
1001 de (1111111111 0111311131 11110 (1319 01 1350), 11, 119; 111, 21·11; -
0011111011110310 110 den 101311111110011 het 3111111111101(11 110 111011-
1111 1103110111 11 (1111111111 (17 111111 1350), 11, 1151 - 11 1111 11031111-
101110110 nequet, te 11111111111111110110 11100111111, 010111000111
andere 3111101110110111010 100 0111111011 11 111111110 110 bate 110110
1101110011 11310 de Turken (22 001. 1460), Ι, 382, 381; - 01111111 111
11001111111113111,010110111 01111111 10 11 10311111010, 1011111111·
(1111111111110310 1011111 110 110 1111111111 101111111 (1601931011411).
1. 415427ς - 111111, 31111 110 1111011110, 11111131111110111111111111111
11310 111111111111 110 (10110 1111111111 (5110. 1519), Ι, 516-511.

111110 (1111111111). 111 1111111110111011 111111.

1111830000. zie 111111110181110111.
1111101 11111111. Zie Manum Β1011101.

Ι11111111. 1101 10 111 1111031001 Β110101111110011110 111101111(1.1411).
1 , 28³, 289-290.

 

