336 PARLEMENT VAN PARIJS - PATARINI

2611616611 1611261116. 1161661 161 Willom 16 1161116 116161 3661161361
11 161161 161 161 6661 hem 661 661166116661161661116661161161Α116611
1616616166161661 16361 6611663113161111161 1666161611616616(113. 1100),
Ι, 375; - 66 116111 161 11661 Ferre, door 161 3616611161 11616666
1111166116 66136161661 61 16116136, 61161166111661161 Ρ611611611, 661
haar 1116116611 (16 26 Aug. 1160),111, 112ς - 161 2611661611 1616111161
1116611 66161 66111661661, 616,3616116166616616 3611616166 16166, 661
16611613661116111611661 61 11666166111661 Ρ61116, 16111111 hij de 1166·
risten-generor! 1661 1611161 66631 (16, 25 61 26161. 1161), Ι, 3811, 3001-
661166116661-36161661 1611611161 16 Parijs (25 Febr. 1161), Ι, 330, 301; -
161 Ρ611611611 1611116611 Jacob 116116111161 1116611 6166111613 (April 1161),
Ι, 391-3112; - 366113 161 661 1661 161 3661661116 Ρ61116 (1111110111,
302-301; - 66316616113 16 Porus 161 66 166116611616 1611613616 661
1166116616 1161661161 (6 161. 1162), Ι, 396391 - 161 16666116 161
11611616666 116131 661 11631611661 161 11116611 1611111116 1616161 6161
661366166 66 161161161611161113161 66 36666161 66111 1160 1616611-
36616166 Waldenzen (11 061. 11671111, 115; - 66 16611616 661 1116611616
1161661161 worden door 161 11136161, 613616616136 116161 161 Ρ611611611.
16 1116611 3666316616 om 161 16361 16111] 16161611 111366116161 161111
16 1161 1166111161 (6 Ν61. 11611), 111, ndu& - 1613666111, 16136166
11666161 161 16111161 61 661111661116666161611 11661111 16166116161611
661611616616 6611166161 161 1166661 161 1136111161611661161Ρ6116
mentio 161661 3611611 (10 Nov. 1182), 111, 12112ος - 66 111166111666611
161 11661111, 161 61166 66 6161113 16 16161161 161161116666,1166111111
mot het 16111161 161 11661111 1661 161 Ρ6116116113611111116161116, 61161161
66 1661161, 616 111 661 161 16111161 1611161161 (12 116611 1183), 111, 133131
- 116661611611611611 161 2611611611 11 66 1661 661 1261661161 16 11166111
, (11601101), 1, 161-562; - siju 161116 11 616 16611 (20 Mei 1121), 1162471,
1761711811 11,392; -1111 commissuris 11161 661 661116616611661 ,1116611
36161661 61116116111161 to 16161361 61 161 1111661 16 11613611 (10-181111
1191), 1, 176483.

2616116116 11, 1616, 1616611661 661, 11666161161 161611113, 66 1611611
161 zljn 1166611 1161 16 616161 (11001), ΙΙ, 2; -1616611661 661161166166161
1616661161 6166111 1111 1166611 16 161166161 661 11666611611161116,161
1661661 161161 (1 April [11011], Π, 2; - 1116136161111, 31661 161 vlm-
deren, tot 161161161361 661 161161161 (21 661. 1102), I. 11-15.

2666631111, 1611616616 66616, 6661 1616 Lucius 111 61 161 66161116 1611161611
16166166616 (11161. 1181), Ι, 52, 61; - 6661 pauo Gregorius lx 11661
16111161 366661 (e. 20 Aug. 1220), Ι, 75; - 66611616 Gregorius IX in 661
1611161 366661 (25 6111 1231), 1, 76-78; - 61611161 6661· 661616161616

61611616 161 Romo 16361 hen 1113616616136 61 6611616161 61161661
1113616616 16 worden (25 duni 1231), 1, 7831; - 6661 1616111161111611
1611161 366661 (1 116611 1511), 1, 500.

Patauinorum). zie 1161116Ρ11661116.

16161111, 16161611, 16161111 61 2611111, 1611616616 secte, op 161 66166611·
meon 66161116 161 16161661 6661 1616 ,11616166111116166166616 (10116111

1170), Ι, 16171 11, 3811- 16 6116611161 in vlaandoren (11321113), 1‚⁴⁸;

 

