,111 01111111111-111 01 100111 111

unaing 111 11 30111111 101 11 1460 101001131111111 Waldenzen (11 001.
1467), ΠΙ, 110.

111 0111001111,111 1111111111, 10011111011131 111111.1111103 Philips 111
3011301110 1111111 11111 1111011113 (11 1111111430), Ι, 313.

lan 11 113110 (dv 0111), 1111111111 111 111 11001111 111 1111111, 111 inqui·
111111 1111111111 (1479), 1, 449, 402; 111, 153.

1111111011 de endere, 111111111111, 1001101113 11 1101111, op eene
31111111 1111110111 1001 den 1131111111 1111 stad 11131101111 (25 111111
1420), 1001 111 3111111111 0111111011 111 111 11110101 111 1110011 11131-
111111, 0001 deren en 111 1101111111· 1111111111113111111111100111111,
te 1110111001111 hisschop 11 11 0011111001 111 11011111111 1111111111
on door 1111111111111 3111011 111111 11111110 (0 en 10 Mei 1420), 1, 239-
302; Π1,50-62,109-110; - 11 111111111111111113 111111 30111111 1111110111
(11101111 1420), 111, 62, 109111.

‘ 111 (111111) de Basory (01 11 111131), houtlroopman te 1111011, 10111 er
111 111111 1111111011 111 9111111111 11131101111 (1001 9 Mei 1400), Ι, 353;
- 10111111 31001 31111 111111 31111131, 11111 111 111111111111 11
10111111 110111 01111 1111 111 31111311 11 11111111 3011111 (16 Dec. 1460),
Ι, 384, 380; - 1001101Ρ111111111111 Parijs in 11111 111 11111111βο 1111
1491), 1, 4624& 11, 302.

111 11 3161111101 0113111111, 1111111101 11 11001111, 1111111111 110 10111-
0110111013111 11111 01111011 Jacob de Β10111111 111101111111001311 te
11111111, 1011 hij 111 1111101111) 11 11111111111111113111 111 111111
011111 1111111111 3113 1111101011 11 11111111(1131111423), Π, 3053 111, 63-
64, 171-178ς - 10111113111 101 311100111 01101130111111,11131111001

111 nieuw opstootje 101111111111111(2211314231 11111 1001 30111111,
11 1123 1131111130, 1111111110111 op 28 Sept. 1428 01110011, ΙΠ, 04, 177118.

111 11 1101111, 1111111111, 10011111-011301111 XI als inquisiteur 11 11
1111011111 Trier, Keulen 11 11111113111111,10111 100111111111111111(
111 10 3111111111 11 11111111111 011111111 111 1111011113 111 8133111111
11 Begljnen 11111 1111110111 (17 Febr. 1373), 1, 225228. ’

,111 do 1101111 (somnos 11 nomana), predikheer, door Paulus 11 01 sixtus 1v
101 11311111 inquisiteur in 11 Νο111111111 1113111111, 1011111111101-

1111311111001 11 110031101001111 111111 111111 (7 Nov. 1471),1, 423-
124; 11, 20ος -111111 te 11111115 Dee. 1477), Ι, 424.

111 11 corvo. 00101111 111 1111111, 1011111 3111113 0111110111 011111
1111111311 11 11 11111111111 111 1111110111 0111011011111 11 1111101131
,11113121013Ξῗ 111 1111111101] Κ11101 11 1111111011 Worms (10011211111431),

111 11 00111 (Van den 11100111), doctor in de 30130110101111, 0111111111
en inquisiteur, 11111111 ’1 Η11103111ο101 (9 Dec. 1510), 1, 518.

1111100111, (1011110111 1130031111111111, 10111101111111181. Pieters·
1111 11 1111111, 10111111 1111111 111 011111 0111111 0111 1011 1111110111
sterling 1111311110 Maria en st. 111 111 1111131111, 1001 1111 minder-

 

