Amulium LIJST 1999191991( 101

1349, 1101 11111111 7, Lumen. 111111919919111199191919191113911191ΜΙΜ.

de 19191111391 191 191 19319119911191191991919919
(Immundum) ............... Π, 114
1349, Annum 34, 11911111. (1991199191913911113911191191 31991
1111911111 1911 Male 99119 1191911191919 191 19 1199991111Ι 191
- 191919191111191 openbaar 11119 199191191113 19 1111191-
1 9111111119111) ................ ΙΙΙ, 15
1349, ,41111991 34, 1111111111. 11919919 1913111113911191 191 1911911191
31991 991 191111911991919191 19 19999111] 1911919191, 111
1911111191 111191 11911919119191991113 (Comme 11911111) . 111, 11
(1349, 19911111 30),11111111. 1111191991 11119 11919919119111911113
191 (1111199119 19 Nangis 9191 19 199111391, 1111 99191 11111(-
991911191111991 9119911911 19111111 3911911111 111 1911911-
311391191191111991113113 191 3999919919 (Isti 1111 11119111) . 111, 17
1349, 9111111911 September 29, 119199. (11111919911113119111911199-
1111 1191 (19 19191991191 (191 3991119919 91 111119119119
Geeselaarn 911991101111911 anno) .......... 11, 121
1349, 091919114113191. Ρ1911113 99111191 19391 19 (1999919919 1191
1119191 J 91 111119111911131913911119111111919 Clemens
VI (3111119111) .......... 111, 203 9911111113 ῙΙῙ, 178
l 1349, October 30, 1111191. Bul 191 puus Clemens VI 391191111119
9911911991191191 9111119 9111939191, 1199111)Ι hlj 19 99919
191 (1999919919 19191119911 91 19 191111919191 1191 1919
onderdrukking gelant (11191 sollicitudines 1111119111) . Ῑ,193;
9911111113 11387
1349, 0919191 3111191111, 1111191 Clemens v1 3911111 191 denbisschop
191 Kamerljln, nuurblj hlj 19 secte 191199191991919191119911
(Inter 1111911αά191) ................ 11, 141
1349, November 1, Paeije. (1111191991 111 Bulaeus 119119 1919111991113
191 (1999919919 1111 19 31139199119191911911191Ρ91119
(14191919 1919199191) ............... 11, 113
1349, 1111911191,Ρ11111911111111.1911991191113 191 sanderus 1191
391 Du 1191, 1111 19 31139199119 1199111911 191 Parije 1991
1911919 39111191 om 191911911991113191 (1999919919 te
bekumen (Successit Ioannes 111) ........... 11, 302
1349, November 4, 1191911191. [1111191991 uit de 0111911111-1911911111911 1191
191111191 191 klokken blj 1911911319911911191911919919
(1999919919 (11911, Petro 111111) ............ 111, 33
1349, (19111. 11111191991911119919191919111391 919119 191191111391
191 19111931911991119119 (1999919919 (Item, Pn. 3911991119) . ΙΙ, 111
1349, 311119. 1193191191119131139919 (19999199191119191111). . . ΙΙ, 111
1349, 1111399. (1111191991111191911119111131111911191119 19 1191319
9191191191119193191911111119111) .......... ΙΠ, 13
1349, 119191191191111119199111119191119 1191111 119119 3911911191
91 11]·3911111319191 191 (1999919919 (11119111) ...... 111, 11
1349, 19111919111911991191113 9191 191 9139119111391 11191 191
(111111991191 19 (1999919919 1911991191 911991 191 99191

9139111119139119191191139199119191911) ...... ΙΙ, 113
14

 

