Rus VAN HEEDE - REGINALDUS 100

Bm 166 116666161366611, met 11166 666616 61361661613666 166 666 61631·
11661 166 166166, 666 1161166166 inquisitam· 116161166 16666161 6661
111161, 661 61666 1616111611661 6116616661 16 16 6161166 (17-101611 1471),
Ι, 260.

malpha, bissahop 166 1116611, 111131 166 pau· Innocentius 11116116161
16666 1611616661611616616611116616116 6661161161 16 11611166 (10 April
208), 1, 6664.

1166611166, 666 161611616666 161161, 16 1116611 3616111616 6616111666
11821163), Ι, 1748, 11.

liudulphus 6611116, 661166 166 ’16636166 (114061166166166163 61161166
666111 1611666666 66 0666616616 1661619-1310,Π,116; - is den 1116666111

161161616166 161 36616666 16166 3666113 16 666 6666636161 6616661 (1398),
Ι, 176181.

mannahun 166 mnam, bissehop 166 1611, 16116131 666 1616661166
11166161 16611611 16 Β6366 (6. 11711177),11,12,16-16,62·61; - 1161616661
16116166 ΠΙ 361661 1661161116 Β63116 16 11111616 16 6161166. 611661 6666 6161
1661 666 11666 16666 konnen 16116611166161366, 66 111131 161666 16161
’,61616116 6661663616 611 16666 1611163661611 16 16166 1616316616616. 1175·
177), ΙΙ, 13-143 - 36611 666 16611611 6611111616 16163 (7) (6. 1177), 11,
1166.

1161666 (Jahn 66). zie 611 6611616611.

ammanus, 161161 166 11666611166666166, 16611161111166661663616, 166161
16661 66 1161616, Ι, 11, 11; - 16111 11611661 66636166666 66 16 1161661111
66 16116116111666 (166126 Μ6611 1077), 1, 1111661 ·- pnun Gregorius VII
16661 1661 1661 6666161613 66 116631 666 nannenus, 1616661161 Ρ61116,
166 6666166611 6161611666661(25 1166111077), 1, 123 11, 1.

1166666 (1661161166 66). zie 16111661 van 1161661.

1616166666 66 11661116, 16666611 166 11661611, 1161616161 11166 666616
366616111166 6661666 11666161 166 16616113616616161666 666616661666-
366666 66 36311666 166 161 1166661 66 111111 6161166 366616 166 66 11161616
166 316336, 6616661613, 11616616 en 0661166 61166 1661 (1411611366),
1, 176161ς Π, 691.

1616166666 (16616, 1166111661, 66316161 16 66 36636166161616, 6661 pann
{angl} 616 inquisitam· 16 161 1661611111 1166111111 6663661616 (11 Μ6611 1618),

1163666666 166 661616 (da sabaudia), 1616166111 66 1636616161666, 36611
6661113163161 661611616163 166 161 11661116616611666161 166 161661-
1613 (19 1611 1101), ΙΙΙ, 168.

1161161166 (saa). zie 1666 1166661116.

namnam, bissahop 166 Luik. 06161666,116661611 166 1116611, 16116661
11 6161 6161,661 66 1611616, 616 nn· 16611 6663611636, 66361166616 611161
1166661 11611 6116 166366 1611161166, 66 66661 1661 1616163 6161 16116
1116611 1636616166 66661666116116176666 6616116111 (066. 101611, 1·5;

21

 

