JAN 1)ss HORNUW -1111 DE MONTE 33⁹

Bugoniut IV hem met 00 11011 10 1011001011,1100111 00100100100 3011010
1001110010οη 101 101001εο11001000011131000101102 April 1431), 1110001.

101 00 10110011 (001 30100110 101 cornu, 111, 50), 1001011110 10 11011001,ορ
0010 30101110 1011010010 vergaderlng door 001 magistrat dier 0100 001·
00101001 (25 110011 1420), 1001 101 3000101111 0100110011 001 001 11000101)
101 1110011 1110101010 01 0001001011 01 001 inquisiteur 010 1010101111ςο
ketter 10100100010, 10 1110011 0001 001 11000101) 1001001111 01 01111110
(0110114201 0110 11011001 1031110010 1001001111 0001 001 inquisiteur en door
101 1010101111 3010011 10111010 (10 1101 1420), Ι, 200302ς ΙΠ, 5602ς - 00
101101101011101113 011101 30000101 101110101 (10 101101 1420), ΙΠ, 02

101 001111010 (001 10101110) (1010110000 1110110), professor in 00 30030·
10010101001 inquisiteur 11 1011100011 1101101111, 1011100111 10 1101301001
1001001010010110111010 Ρο1011, 010101101001011001001 3001110101 01 00
1003011111801001010100 (24 Mei 1447), Ι. 325; - 10110131 10 1010110111
10001 (1101101 01 Willem Delamotte, van 1011011) 10100011 (1001 21 1101
1141101011. 144811, 300321) -10100100011 10 1010111111 0011011101·
king 1101001 11000100 101 101 0011301010, 001 1101ος01101 Jacob Aearin
010 1001011101 van Maria (3 1111 1451), Ι, 330333.

101 (1101100111,10101)110101010, 101 11011001, op eene gehenne 1011010010
11001101010001001 1103101001 0101 stad aangehouden (20 1100111420),
1001 1013000101111 0100111001 001 den hisschop 101 1110011 uitgeleverd 01
0001 0010101 00111001011011 01010101011130101101 10100100010, 10 1110011
’0001 001 11000101) 1001001111 01 01111ῇο (91101 1420), 101010010001001
1101111011 1001110010 1011100111 01 0001 101110101011113010011 010001101-
brand (10 Mei 1420), Ι, 200001 ΙΙΙ, 50-02; - 00 1011011010111011118 111101
00000101101110101 (10101101 1420), 111, 62, 109-111.

101 10101110, 00101100 010 1011 nn 11100110 (zie 010001).

10)) 10101010,00101)01 101 1111001, 1101110011 in 001 0110011001 1011000100
00100101 101 01001101 1010101010οΙ (1420), ΙΠ, 75.

101 00110100111,110001,001 101 00 00110010010 001 110011110010 00000-
101000000111 Oet. 1040),11, 00, 104.

100 00 10100, 01100101, meter in decretis, 10 30111ςο, 10011010000101111101
101 11001111, 11 0010 00101010110100 0100111111010101101 101 101 101101-
geding tegen Nicolaas Serrurier (28101. 1422), 11, 246.

1010010100,001,1011010 den 0001111001οη magistram, 1001001 offi-
01001 1011 11001111 en 010010 bisschoppelijke 0111010010 00 0001 011001
101 101 010011001 1011010100 001 10 Kamerijk gevangen ketter Jacob
Toriel‚ 101 welk onderzoek 00 0101101 0001 001 inquisiteur 101 Kamerijk
worden 0000010011 (16 1101 1427), 111, 72.

sm ‹10 1011, ketter, te Rusel verbrand (1 000.1101),1,011,010;111,11-00.

101 00 1110011010 (1110110101), baccalaureus in 00 godgeleerdheid, getuige
1100100010 10 Κο1101(308011. 1402), ΙΙ, 101.

101 00 10110, 1100111001 in 00 10080100101010, 3011130 in 0000 0010 10
1101101130 Sept. 1400), Π, 101.

 

