WESALIA - WILLEKEN LIPPENS 441

11441444, 444411 14444434 1444 144414414144 4444 1144144444 411 die 4141
34144444 (4. 1380), 1, 242245, 246, 241; - 414 prior 444 1114441411 (bij
Hoorn) 444141131 hij. met 4144 441444 4444414444 14144 144 4414 vnn Win-
14414144,14 34441444 444 1413444444 14444 14344 14 44414411441143 444
14411441) (101144411305), 11, 156-158.

wanlin (14144444 do). Ζ14 144 vnn Wnsnn.

114444104441441,444 1144414344, 444441, 14111) 1444144 inquisitour Jacob
3444434444] 44444131 worden (0 April 1478), 1, 448410.

1144411444 (11444114). zie 11444401444444444.
114414 (14441). 11414444 114444.

111141414401141414144), 4441443444 444 144 3434144144 1441144 John Wioleff
41 wyolin. Deze 14411444 4141144134114344 14 14 1143344144 44 1144141-
441144 444 14 4444144144 114431441443 44 3444444, 14 3114414441, 11411441
44 Β441441(1372), 1, 225; - 14 14114344 444 1114414144 3444444144 41444 met
hunno 1411441144 14 4441441 (1410), ΙΙ, 208, 203, 212, 213, 214, 231, 232, 240,
235ς - 14344 144 144411 «Iohannes, patriarch 444 constantinopol, 414 4134-
444444 4444411114 commissario op 141813444444 concilio 444 04441444 op
(12 April 1418), Π, 204, 2111, 200; -144 vnn 11144444, 3444141114 411 het
bindom 11144411, 1444 1141 1113444444 Concilio 444 04441444 3414444344 141
1444444143 444 4114 1441144441 344414111, 44441 ook 41 14 14114344 444 wiclefi,
Η44 44 441444 444444144114 14411444 41444444 (April 1418), 1, 201) 111, 41,
54, - op 4444 synode. 14 1144144 34144144, 4444113114 4441411444144
1114144114 41414144 14344 144 411 (22 April 1423),1,308-304; - 0114 444
2143441414, 4441411444144 444 ’1414444441131 41414144 41114344 14 444-
1443444 444 11141411, Η44 44 Hieronymus 444 Ρ4443 44 14344 14444 begun-
4113444 (1423), 111, 65-oo; — 14 1411441144 444 11141411 4441441144 4141 14
1144414444, 4444414414414 4441441414344 (1485), 111, 141, 142-143; - 14
Wicleffieten worden door pnus Julius 11 14 144 14414144 341444 (1 114441
1511), 1, 500.

wigen. (34114144), zie 84444444 1111444444.

11413441 vnn 14444441, 4441111444, 44444413 bij 14 1444444143 444 141
ξέδὲζῖεἰ44ξ64ἒ11444144 444 1444441443 1444 344444144 14114444141(20.1411
4 2 ⁰

Wildo (14441444). zio 11444414 Wnnn.

111134 Arnon (Volomtan'oe paupertatis paupera), kettersoho 44414 14 14
04114414 144144, op 14441 444 1441444 114441 1v 44444131 (0144113110),
1, 20821ος - 14 04114411441, 3441441 en Vlnnnderen door 4444 1144344144 1v
14344 14 44414144 44 144414114444 44144 41144 44441444143 34444144 (12 Mei
1431), 1,’310-322.

1311141443 (willemus). 1141114444 1144444444.

11114144 1144444444 0414444414,14 0441443444 34141441441431414111113
14444 1411444144 44444414411 (20 Dec. 1480), Π,212.

 

