NOVO nfflnn - Noton im

Willem Brunnirt 00 11000 0010010 00100 01100 10001000103 (4 8001. 1407),
1, 305, 808; - 10 0000011110 0010010000 1010011110 condier 10 1001000 00
110100 80000001. 0000 100 1111001001οη 00310100010001000010 10 0001
000 10 000100010001100103 000 10 00010000 100 10110010001000101011000
(1480), nni-793 - 10 0010010100 1160000 10 1111001 0001000011) 10 10003-
3000000 10 000300103οο 30010000 000 100 010 1011000001000100100
1100300110000(1430),111.80; - 100103 Ρ111100 000 30003001111000001 100

1000111000 11001011 1101110000 00 11000 0010010 00100 01100 10001000103
(0 1100. 1431); 1, ³2¹3. 3243 - 10 ,0000011110 00 110001000011110 notaris
Walnandns 10 8000110οι000 000011 0000 101 3000101111 101 000 11000011 101
000010 000 001000001οο 000 100 8011000100 10000000 10001100000110]
0001100330011 1001 unt), 1, 801, 801; -· 10 0000011110 00 1010001010 0010010
00000100 10 Sanctis 010011 000 010010111000 1011100010000111110001, 0000011)
0000 01001 000110113000001131 10300 101 1000011010011000100 000 10110101
100 inquisitam 110100100 10000011 als 003001 00013001 10 00100000 (41011
1472), 111, 11ος - 10 0000011110 00 1010001010 notaris 11001011 Alexandri
100 30130100οᾱ0 1100011011 000 Parijn nteit 10 0010 00 00000111 10 1100011011
1000 0001001 0110000011 0000 10 000100110 0101110300 000 100 0101001000-
der 100 10301115 Febr. 1483), Ι, 450411, 453; - Stephanus 110οι0110, notaris
00010110011101 000 11000011, 30011, bij 101 0101100000 10 000000010001
1000010010 01010010001000 00 101 100111010οη Ι1000011,100103000100
1010111000000000100001, 1000011 10 0010010000 11111000 001000000100
000 000100 00000010 00000100 0000 hare 00000001103 (1 110001 1488), ΙΙΙ,
lat-1873 - 0010 10 Atrio 00 Willem Grinume. 0000011110 0010010000 10 101
1101000 11000011, 0101100 0000 0010 00 0000101000000103000 10 1011000010
0101110300 000 1000100100 ,403011 10 10100111001 10 11000011 (2 110001 1483),
111, 18718ος - 0000 Innocentius vm 011101 100 00000000 01 000 001000
001001010 100010110000 Ηο010111001110010 0010001 80000300 busta (1 1100.
1484), Ι, 455, 41ος - 10 0010010 ,40101100 Kolich de 1100011001θο 01011 10
1100100, 0000 10 100010110000 110010111001110010 0010001 80000300,οεηο
0010 00 0000 10 300110001031000 000130 00010000000 000 10 30130100010
1100011011 1100 0101 000 100 naum 0010100000 genennt (19 Mei 1487),
ΙΙΙ, 144140- een 0010010 100301301000101100011011000 Pnrljs 01011101
000100100 100 1100011011 0000 10 000100110 0101110300 000 100 0010100-
1000100100 vitrier (2 001. 1408), 1, 490; - 10 00100101000100 10 Ρο1010
10000113110 000000001000001030001 101 0013100010οη 101 0100101000 0000
0010 0113001010 000 100 officiant 000 1100001110100110010 100 30000300 00100·
100 100000 10000100 (111001. 1517111011 - Iacobus 10 Ρο1010,001110100,
0010010 00 10000000100 000 1013000101111 10110 11000011, 1030000011 100
0031010011οτ 0101 om 0000 101 101 10 0000010000, 101100 00110 0000·
100010100000 1000010030000010100001 (8 Non. 1517), 11, 201210, 008.

1000 100110 (1010000101 11010000 Novo 100000.

110000(1101000).0011000100 000001 10 Κο00001)1 1010001000100 bij vnn

00000 (100 1010113 1011000 00100 10 1011103000 100100010110001101001
(17 Febr. 1131), 11, 42-44.

 

