GREGORIUS 31-3110111113311 311

uun-lu 11. 3333, 1331133 11313333 133 181331 1333, 1133131) 131331
31111 331 3331311 331 131333131311133133 33333133 331 Β33331333 33
11333 13 33 33113333 133333 33133313 333 (71331 1371), 1,121-212;-
1311 33 33331311133 133 131133313113313 311 33 3133113331333133 voor
,3331311113 33313333133 113133, 113313311113331, 83113313, 113333333313
1131333 (13 13111371), Ι, 121234( 11,196; — beveelt 333 ,133 133 11131,
1333 133 1111333133133313113313 133 3113 3133331 333 (331333111371),
314ος - 31311333 3133113331 333 33 Β31333 313 1333311331 313133
3313133 11131, 1133133 33 3311333(111117 Febr. 1373),1,121-227; -
1 ο33311133113333 333 33133313113313133 1113311111 33111331 33 3313311-
13333 1311313 33 13331 33 13333333 33 33331133333331313133 131 311-
133 331 1311311] op (1373), Ι, 238( - 3313311 333 333333313331131·
113 33313313 33113331333, 7133333133 33 Β133331 (7 April 1374),1,-228,
-3313313333133333313311333313311333 3311311331 333333333 33
33313 33 1331313 133 331 33313333 13133 (133133333111113. 7 April 1374),
130, 191; - 33311333311133113333 333 33 133313113313 13 33 33113333
133 313133133333133 der 1311313333 13113333133 (23 April 1373), Ι,
137 ; - 33331331313 131333313 333133 13333 33 31313133 33 133313113313
Β3113331333,Β133331 33 1133333133, 313 1133 133 33133313 1111131333,
31 11133333333131133 (2 1133. 1377), 1, mas.

1331131 11133111 (11133131).13333311 33 33131331 133 1133131111,33311)113131
1131 333 33 113311333333331331 van 3333311113 3313331 3131 1133133113
31313 33133 1131113, 13 11133111 als Waldenzen 13113133 (1111 9 1131
1),1, 31831ος - door 3333 Ρ133 11 113131 31) 3131 3113 andere 333-
>erden 3131311333 3131 33 1311313133 331 Waldenzen 133 3113331 331331
14 Aug. 1430), Ι, 376-377, 378; - op 1331 133 3333 Ρ133 11 onderzoekt
3131 (111113 0311131 333 1313313331333 Waldens Hotin 11313133 1113331
1313311333 111) (3. sept. 1411), 1331335.

rumpet (13313333). 113313 (1111133131.

mbo (113113). Zie Ρ31133 (13311113.

1331113 (1113133113). 1131133133113 (13331133.
1133313(31111313133). 113 7733131 (1311333.
dnum (7331313). zie ’1331113 1111313113.

nahah 1111331, 3331333 13331311331 133 13 7333331· 13 st. 0133313 313
131 33333333333 33 door den 33131331 133 ’1111333313 131 3311333133
33133313 (17 sept. 1484), ΠΙ, 139141.

riom (13113333). zie 13131131 (1313313.
11133 (1.), 3333311111 3313133331 (18 Febr. 1483), 111, 131. ”
1113333113 ο1 13 (1113333133 (1111311133 31 33333). 1130313131131333113113.

13313333 (1133). 11133 313311333133 133 11133133, welhe in 3311333133
131333333331131313311 13333 33 3133133313 3133133, 3133333333 1131-
331 van 8111311313, 313 333113333 33111331, 3313313131 3331 1113313333
3333 31 hem als 131131131331333133 (1235),1,101-103; - 33 3133113331
1133333 (11311311 131 31 1313333333 op 13333 33 Β1333313 33 2331313 133

 

