PHILIPS ARBOISIUS - PHILIPS VAN BOURGONDIE 399

(1001011111 (1349), 11, 98, 105, 118, 119,126,130, 131, ΙΙΙ, 2021; - 30111
1111010111 11 zljn rijk de 0001011111 11 111101 (1349), ΙΙ, 113, 119; ΠΙ, 20-
21; - 111101310οη 00101111 10301 00 [10011111010 0001011111 (15 Febr. 1350),
11110 11001111( 110101 11311011130 (20 Febr. 1350), ΙΙ, 99, 110,116-117.

Philip· 11111111111110100111 11001111, 10100100011 Jacob 0101101, 111-
10010011101101, 101 0011111 3111130110110 11 001 111101010131101 11011101
01 1011111113 1111111 1111011 (3 Sept. 1355), 11, 142-143.

Philip· 01 1111111011, 0101101001 111 001111, 10111, 0111100 0001 0011101113
Ι 3010011131 (101 00101 10111111101111 ’1 Ρ111011011 111 Parus 1111

1110011 01, 30101001 0001 zijne 11001111 Ρ10111, 101011 0130001) 11
11111100, 1111011 11) 11 111101 11011 111 001 1111010100111101 1011101
(1325 311. 1401), 1, 380, 300, 461.

Philip· 00 31101101, 110101, 1011100 10010 001 1211001111 10 1110011101-
101301 (J 111 1400), Ι, 312, 374, 336; - 0001 ’1Ρ1110110111011011001013000113
10100110011 (20 Mei 1491), Ι, 462-483; ΙΙ, 392.

Philip· 01 schum, 11111101103 111 0011011311, 101103, 111, 11101 1101113
111 Κ1111110 01 Leon, 1111)·31 101 110110111011111011101 31110011, 01101111
10111101110010111001101 111 1111010111 01 11011111011 (1490), ΙΙΙ, 123; -
(10 1100111111 11101101 31110011 op 11101 111 paus Alexander VI 101 1130-
1101101 inquisitam» in 11110 111001 1113011010 (28 Juni 1493), ΠΙ, 151, 152;
-3001111101113113 101 10 1011011113 111101 010011100101111001101 111
1111111113 (29 1111 1502), ΙΙΙ, 108.

Philip· 1101111111, 11110101 111 lesel, getuigt, dat 10 30000101 001 111429
111111 1011111100 11011011 1101 1101001 10110111 1011111110 (11 Febr. 1477),
111, 122.

Philip· 1113011311111 1101103, 31111, 011.. 111 10 110101111010110301101101.
3113011011011111 10 11110113011111101, 11011111 01 0101101, 1001 011
magistrat 111 11011111 10110011 101101113 10 101101 1001 131 plantabe-
11100001 301031 op 10 30010101 111 00 op 10 Mei 1420 110111 101111100
11011111,11111131 111 1011001( 11, 1, 300, 301( ΙΙΙ, 00, 62, 109-111; - 00 111103
1010011 111 1111013111 1111111111 Willem 3111111111111 10 0101101101
13101111101 111 Ηο11110, 3001110 01 3110111110 111 (4 sept. 1127), Ι, 305·
306; - 01111131 10 311331 0010 111111013113 111 011 1131111111 111 113101
01 111 00 11111111 01 101 1001 001111111131111101, 110 00 10111013113
1111131111 00 1011011010111111113 vande 30000101 001 111111 101111110
11011011 (2·13 J 11. 1430), 1Π,11-·(8; -301111 mune ambtenaren 11111113 10011-
111011130 11011011 001 11110111) 1111101 op 11110101 (11 111111 1430), Ι, 312-
311; -1111111 101 311110 111 101 1131110111 lesel 11 11111νο1101
11301 00 1011011010111111113111 00 30000101 111 101 111111 1111101101
1011111001 Walter 10 1111101 (24 1111111430), Ι, 315-318ς11, 121-122; -
01001011111100113001011110 001 1011011010 (1) 10101011 111 Κ11101 01
0111110111 (14211431), Ι, 319; - 1010011 111 inquisiteur Hendrik Kaltyser
111 11 11)ηο 111111111111 00 1111011101 1111101 1111101111( 111 (9110111431),
1, 3233243 - 10101 1101111111 1111 Numen (1436), Ι, 324ς - 00 bischop
Jan 00111111 111 chalon 1111111 1011101 1001103011 11)·10 111011010131011

 

