HENEGOUWEN ,- HERMETIS (JEHAN) 317

11333333330133333133133133133).1133013133οο 1311313 (13031033) (31-

1310333130311133333 (1300), Ι, 154; - 03 033333313313 033113 113133-
13113 Ρ31313 (13101 1311331031111( ((33333 13113111 (3113130 33 3130311111 13
Parijs (3111330 (31 Μ31 1310), Ι, 15510ος - 03 0333313313 310331 (1040-
1350), (Ι, 1001021011, 195]; 11, 08, 09, 100, 104, 100, (110), 123, 125,131;
111, 20-21, 20, 33; - 0333313313 311 113333331133 13 131 11331033 (33
1113311111 (1340), (11, 118]; ΙΙΙ, 20-21; - 13113 Η333333333 (31113101 3131
03 33313 031 11333313 (1914), 1, val-232.

1133333313 03 133313. 113 J 31( Damam.
1133331 03 11333113. 113 11133111 3311311333.

namium 1111333 0311131333, 3300133331 031 133331300313 iri 11333-
333333, 013 13 Parijs gekomen was 33 (331133 13 3303333133 ((3131
31033113 131131131330133 33133103, ((3101310331 03 133313113313 33031-
(13330331103313133 (22 Nov. 1300), 11, 61, 02.

11331131 (wilhelmus). zie 113313( 11333131.
11331131 03 noyville. 113 133333( 33 11311333

11331131 (13 33111), 313 1131033313 1113311 3333313υο33 (330 1131 1400), Ι,
355( - 3331 033 (011133 3331 33303130, 133031 333113331313313313333
13 ((0133 0333, 33 31303101 33031 330 (1333131333 in vrijheld 3331310
(10 Dec. 1410), Ι, 384, 38ος-0331131Ρ31133331 (33 11111313 (1133 331
1331310 (20 1131 1491), Ι, 402433.

1111133 (13133). 113111( 1113313.
1311111331 (1131131133). 1130133133 1133333.

flamm 1131113033130111331, 3133333313331311331 in 03 03113313 133033,
stent te Avignon (13(3), 1, 331.

norman 13113133, 11311133131113033 11333131, 33333101 3313113, 31311
1310313333 3333 3313 op van het 330133 van Nicolaas 8333113113 131333
33313110] Dec. 1410), ΙΙ, 231, 230, 244.

1131333 (31133)113131((33313, proost 031 st. Joriskerk 13 1133133, 13 033
11330313 33 1331313 3333113 13 333 3333333131 3310331 (1898), Π, 170-110.

13133313. (01111311). 113 0333131 1131333333.
flamm (1311111333). 113 Gom 33 03133333.

1131333 nn 0311333033, 3130111331, 313 (3103311 (33 1311310 0331033
3331311331 (33 0113311 blj 033 11333133 33333113330 (23 Febr. 1478),
Ι, 447-4483 11391.

1131333133 1011111131, 131131, 13 ’3031331333 0331 033 1333131133· 133 ·

(33 0333133 13113133313333 3313333333133 (3133103310 (1502), 1, 404; -
0331 131 1131 (33 11311330, op 131133131333303 (33313 (33 033 1333101331
Jacob (33 113333113133 33 033 0313313331) Ruyseh, 313 13113033 131131
131 033 (3310330 (3133103310 33 13 ’3 0131331333 (3111330 (14 033. 1512),
1, 501502, 500.

nameus ((33). zie (3( numm.

 

