BEGIJNEN 811

maestricht, st. 11111181, 11811811, 118181, 1011188811, 01881, 30181001, 11188811
81 18180101 (24 081. 1384), ΙΙ, 8088ς - 111011 181181 118111, 118801011111111,
18811181 001181111811881111 181 18 38811181 181 1108111011 (1 Μ8811 1385),
II, 888ος -18 318111188 81 18 111118111181810111181, worden de Begljnen
door 1111811111, 81881111 11011811 81 Ζο81811, 11188011811118 88101181
(81381132511, 175ς-ρ8118 J ohannes XXII 18811181 8818 181 uit 18881 18
1811818018 388881181 81 38811181 (1387 011388), 111, 1018 ; - 881 0188108118
818118818 memorie op 101101 01 180111881118118181 08118018 38811181
(1001 17 Mei 1338), 1, 175-178; Π, 301; - 18 38811181 181 311888, 1811811818,
0811118 81 0811 worden vrijgesproken 181 1811811) 100118 1118 commissa-
118881,181180111811,111801ορ181 0001111, met een onderzoek 01111811
111118 1818181118 181 881881 (11 Mei 1388), 1, 178-18131L 101;-11011181
181 11811, 11880100 181 11111,1880118111118 38811181 181 Ζο11118811 1111118
80818181 1888118181108811118 8111818818 1811181111 (15 J 81. 1335), II, 301-
303ς-1818 3818110118 XII 1181118111 8011811811811111 18 111 181 10111188 xx11
(131118. 1318) 181 8111818 18118011881001180 38811181 (19111. 1336), 11, 02-04ς
-1818 01811818 VI 8018111 881 1001180111 88118 Β8811181111 81. Truiden
en 1181111811 18110018 811 18 111181 18101811818 V (Νο1. 1311) 811 181
‚lohannes XXII (13 Aug. 1318) 8181818 881 18 1111811811 (181 1111180118 38811181
1001 1181101101 11011181 181 111111 111 34 001. 1384 (31 181. 1313), 11, 01-06; -
prus (1181181811 1818811 181 081101 181 31. 0111181811( 18 3118881, 881 18
infirmerie 181 het Begijnhot 181 Dendermonde (18 80818181 18 1081 181118-
1188181,1“1881181 1811811811188111(83.181. 1348), ΙΙΙ, 165; - pane Urbanusv
18188111811101818181 inquisiteurs 181 het koninkriijrenkrljk de 1111081118 ,
181181181881183880111181 1388111111· 881 (3 Sept. 1365), Ι, 20530ος - 181181
101181 lv 1818811 181 888818111181 81 wereldlijken overheden 18 388881181 81
38811181 11 18 1111180118 181181 18 181101881 (0 Juni 1380), Ι, 20801ος -181181
118181 11188011181811018118181 18 388881181 81 38811181 11 18 1111180118
1811811001 18 inquisiteurs (10 Juni 1309), Ι, 210-2143 - 181181 118181 IV
1818811181 1181181181111811110811181811811818018 1011108111 18 101181811,
ο. 8. 181 1188811181 81 38811181 (171111 1330), Ι, 214-217; - 181181 11118111
18881118188111111181 18181181111811188118 80818181 181 388881181 81
38811181 (171111 1360), Ι, 218-2213 11, ³91;- peus Gregorius x1 keurt die
18881118 8081 (9 Juni 1371). Ι, 221-2223 11, 301 3 - 11011811, 318181181811818
881881811001 118 1811018 1811881 (1378), Ι, 2253 - Baquardi 1118 &quini
1108181 in Frankrijk en in de Ν8181181181 (1373), Ι, 888, - 18 inquisiteur
,181 18 30111118881 18 3888111181 81388111811001181811118111111801118
01181818111 (171181. 1373), Ι, 881288ς - 18 100118180181818118100118118
1811818018 388881181 81 38811181 hebben 11818 88118818 met 18 31081818 81
3181818 181 18188118818 18181 (1101 1384), ΙΙ, 150153; - 08811 (110018 81
11118 8811818818 1001 18 81801118 geeetelijken 8880101181 1001388881181,
1101111181 81 38811181 (c. 1384), ΙΗ, 46; -81188180111111181 88181 0111801811 (1)
0111818118 181 100110818 181388881181 81 38811181 88110111 101 1818 3011-
180111 ΙΧ,11818180811101111(1001 81 met 7 181. 1304), Ι. rna-2543 - paus
3011180118 IX 1881 1001 18 181111818181 181 0111011811, 3181111 81 71881·
deren 881 0118110811 118181181 188118 88181 81 181881001111 3888111181 81
38811181 (1 181. 1394), Ι, 2542563 - 10018011111811001 181 inquiriteur

881888118 1811811018811181 1101181181, 1188881181, 88811181 81 1111818 18

 

