TOISON D'OR - TRIER 425

101101 101, 001110 1011011010 101 101103 Philips 101 3001301110 01 111
10 (101101111010110,110111 1001 111101 11001101 1001 1110011 30101100 om
01 101101 101 1101101001 10 011011001οη (14 Aug. 1410),Ι,171,318; -
1000110 1111111113 1103011 01301001 101 101 31011 101 1101011 10 Β11330
01 (81101 1468), Η, 161117.

101301011103000), 1111011 van 1111 De 30311101 1101110011 1001
11011101 101 11111, 11000100 101 1111, 1111301110101 101 1011011) (24 001.
1324), 11, 86-88; - 0101 1101 01 11000111011101101 10 11010011 111001 001

(0. Aug. 1374), Ι, 233) ΙΙ. 141) -10000101 1111110100001101 100110 ι

mode oeeselaars (1000), 11, 100100 111, 00.

1001001101100111301 (3011101130) 0101 101 Η. sacrament 10 11001111.
1103101011 101 1010110101 1101001300110 (11 1111 1491), 11, 194195.

10011 111 110110 (1101111110). zie 10111111 ’10011 111 111111.
1001011). zie 1111011111 11 10011111.

1010111110 (1011100110). zie 111 111 1011001110.
101101 (1131001011). 11011001 101111.

10010101 111101 Porro, 10 0110100110103010 100101113 101 101Ηο1113
mel? 303001011 01 101100101001113 11 (10 processio 10100110011(1117),
v ' ·

’10110110(9111001 10). zie 01110111 10111111.
1011 (10110110 301011). zie 1101101111 ’1011

10111110, 11) 1111101. De inquisiteur 11010111001011011011 001101101 01
1011101101 0110110101 (112 110011 1231), ΙΙ, 42, 15.

10010110. 101 provincial 00101110, 011001 30101101, 100111 10011030101
10301101011010 (1119), Π, ’1.

1011101Ζί0 1001111.

1011101100110), 10 Β11330 1011101111 11 (1010011οη 10 10110011·
1011101113 101 30010101 101 1111010010 1011010 (2-13101. 1430), ΙΙΙ, 78, 71.

10011(οω101111001). Ρο11 Alexander 111 110011101 001111010101001 101
1011111001011011011011) (21111 1110), 1, 1445.

mnne· (111101 100). zie (111011 111111111111.

trajectum 11101110 0110111 0011011113 frojam. zie 1110011111.
110010 110 110110.

11101 (mvn, 0001110101). 1101 1011010 101 1101-00113101 1001 101 00111·
11000100 101 1110110110131 (1112), 1, 18-223 -1011011010100101011001
(1131), 1,³1;— 10 101101110100 1101111111 10100110011 101Β10101110101
101101 10101 110 1010010110 101100001010100111101 (1152-1111), Ι, 34,
31; -· 10 ’111011101101 11101011011010 3100101, 10110101101100101 vomendo,
1100101101 0010 101 101011001011, 0111011 01 0010 101101101011011,

28

 

