191111 INQUISITEURS

1510. 119 9191111991 Jacob van 119999119199, 0. 9. 199919199119
191991191191991 Keulen, 1, 498, 499.

1512. 119 9191111991 Jacob van 119999119199 919 19991911991 19
’9 9199991999. 19999999911199 9191111991 Ruyscl‚
19199191 119119991 99 9999199911919919911999199199
11119911, 1, 501-503. ’

1112. 119 9191111991 Andreas 11999 van 119111, 19991911991 19
’9 1199991999, 1, 503.

1512. 119 1999191199101991991199 met 991919 19119199991919 19
11119911, 1, 504.

1514. 999191111991119111990199991911· door 9999 199 X 919
1999191991 19 1911991911111 Frankrijk aangeslold, 1, 505.

1515 119 9191111991 Daniel Alaerl 91911119 9991919 19991911991,
1, 508.

1517. 119 91191991 van 11991911 119911 19919199199 19191191191-
991199 199 199 91199191 199991 19919191, Π, 294-299.

1518. 119 9191111991 1199919191 Gosin door 9999 199 X 919 1999191-
1991191911991911111 1119911111 9999991911, 1, 515.

1519. 119 9191111991 Jan de Colle ( Vanden Heuvell) 919111 919
1999191199119 ’9Η9119999199911, 1, 518.

 

