REINAUT - RIJSEL ’ 411

en 00 00010000100 0010100, 3010010001000100001101 10000 0100ον00013010
1001000 0110010001 11001 00 3000011001100 00 00 1011010 10 0110 00100110
(08 1101111408). Ι, 28ος ΙΙ, 104.

11010001, 1100100 van pecquigny, werdt, 1001 10100 anderen, door 000
1110100000 1001113 1001 0000 10100001 0011000 10 0010010οη 00 0000000103
00 1011013103001100001000010008001. 1301), 11, 52, 04.

ndum (1101001100), 0000011110 1030010103001 10110111 101010101 0111000011
000100100000, marvan 00 0010100 00011113 100000 0110 101001 01101100

001 1011010 (1100), Ι, 00, 00.

11011101 0001110000, 0001001 10100110, 010101 000100011010010 300001-
000000103οη 00 10110100000011100000 0001 0011 0030011111 Bartholomaeus
(ot Βο11001000) 10 1010110 30010011 (0. 1380), Ι, 230340.

110011010000100000, 101100010301, 0001 0000001011 000 110101001101030110
010οη033011) 1010000 00001010 0001000001113 in 00 01000001010100100010
(10 001. 1450), 11, 311312.

1100011. 11οΖ0010101001101 30100000 leven 010001 0001000 1000111001
10000000 3000110100110010. 13031304), 11, 153, 151105.

1100000000 (101100 00). zie 011110 011( 1101000000.
11011001 (1110101). 110 010110 1100011.

11000010, 1001001 in 101 1011011000, 0001 00 0010100010 01100101 10100011
10110300 3010111010 010101 00 01001011 hij 000 0000 calixtus 111 000 010001-
0011111 10001 (0. 11101177), Π, 0. 11, 33, 35.

010οι10 00 01000001, 01100101 10 11001011, 0103000 011000 0103003 met
duivelskumtenaars door den 01000000, in 0001103 1001 000 1000101001 Ρ10101
1110010, 101 0000 0000001111 0001 0. L. Vrouw 10 ’0 Ηο11030000000 101001·
00010 (17 Aug. 1417), ΙΙ, 1002οὴ - 00 hem 003010300 0000110011 010101
10101000101010000 0011010011 0001 Ο. L. Vrouw 00 000 10νο1 10 3100001
(00 103. 1417), 11, 202-2033 - hlj 00100031 000 301013001111100011101101-
0100300 111001 100000011 (22 1031417), 11, 103.

01110 (10011000). zie 111( Runa.

11110010000100, 1111001110 00 kasseh-57), in ’13100100100 1000000100. 110
1000100001 1100011 00001 01 0011100010 1000110000 000, 010 0010011100
0000011011 (na 2 1110011 1130), ΙΙ, 42, 45; — 0110 00011100 00300 (000100 00
0001001001οο den 01001101001 in 00 1101000000οο (0000011001 00 0100100·
0011110 01010100 van 11001011 10300 00 1011010 00 00 001001010001000010
0110001300 (13¹0 0000101, 1493 - 1101001103 001 010000000011110 01010100 van
1100101110300 00 1011010 00 00 001001010001000010 (14 April 1341), Ι, 1800
- (1000010010 011 00 111010000 landen 010001 (003-3001. 1310), [11, 1180
ῙΠ, 11; - 00 500 00010110000 0000010010, 0001 3000101111οη 001301010,
1101100 00101 0001 1111001 (7 3001. 1340), [1, 100, 1001030 11, 08, 103104(
- 011301001οο0 1100010010 0000010010 00 11001011(οο 8001. 1340), [1. 100,
133]; 11, 90, lom - 0000010010 011010 010000 0001001101οη 01111300 0001

 

