Luclrrlnnms - LUIK 375

1181811118, 1811818818 818888, 18 'frier 8181 883 88888 keller (81 1881 883
drie 18118181) 88111881 (1231), Ι, 81, 82( Π, 40·41.

18111 (dalye, 1188888). Gerendus, 11888188 888 1181881111, 11811 888 11831881-
188,118881888881811, 81188 881188183 81 8881 811, 181888138 1811818 8838-
1181811811 1118 1181881 zljn mogen 8811181188 (188. 1025), Ι, 1-2; -
1811818818 811881818 18818888 Ρ88818118 11 11) grant 118181111 888 10888-
18188 88838118831 (21188. 1102),1,14, 15( - 1111888 8888 181188138181183
18 1811 worden letters 811881 8811811, een 81888 188881881118818818888
1881 18 11811 88118881, 18188111 18 88811388 ’8 888118 8818888888 (113511, 30(
-1118118138881811111811888 8888 188188 118881 88838188188 1811818,
8118818113 811 1118811111 (18888188 11881188 121181 1145), 13133( 11, 384;
- veel 1811818 811881 (1145), Ῑ, 32, 33( - 11888188 Alexander 88808188
1881118 18118888 8138188888 synode (13118811 1166), 11, 24, 27-28( - 18
18118818 8118818118811811 18 Β8388 8181111 18388 18 1881818881811181
18118818 3888181111811, 88818188 11) 888 wege 18811888188 88 18 388818-
11111811 88881111818 1811818818813183188811818818811(8. 11711177), 11, 912,
15, 18, 20, 24, 28, 32-33( - 8111888 181818118 8881883818 8818188 811 188883
88 881111 888 881881 3818138818 18388 1881(8. 11751177), 11, 1418( -
Lamberl’e 8881883818 88188131 88 811 181 1181881 'gebennen (8. 11751177),
11, 12-14( - 8888 calixtus 111 1888811188 181188188 11888188 1181818188,
18811811 811) 18 18188, 88181 11) rich 8111188 8888 18888 188188 88118811-
888111388 (8. 1175-11Π), ΙΙ, 13-14( - 18181811, 811 111888 181181 88188881,
1838811 1181 181 8888 calixtus 111. 118 1818 8118818811 888 1811811) (8111
1177), Π, 1823, 33, 35, 36; ·- Lambert’s 181831881881881 18 1811 (1177), ΙΙ,
33, 85, 36( -118881888811118 88181188183 8881 181 181188388 8881811881-
8818 88 01818818 1881881881818818 8881 18 18811111 (1203), Ι, 13( -
11888188188 11 888 Rumigny 81881 188 818111188188 188 181811 888
11888181 18 81181188 181881181131838881181381881 (6 Aug. 1228), 1, 74-75(
- 11888188 188 11 888 Rumigny 1888811 888 81188 3888181111811 18 818111-
188188 818 18118188881818 888 (1811 1232), 1, 87-88( - rede 8888818 worden
18 818111188188 1881 18118811181 81818118188881818 188881131 (11811238),
1, 109110( - 81 18 Begljnen 88 118881811881818 888 181 1181881 worden
door 8888 Urbanus 1888181888 18881818883 38881888 (71811 121211,
132( - 18 8118811888188 188 1 888 1188818188 88811131 synodale 81818188
811 over de 8818813183 1811811818 88 8881 18 188818118818 18 zljn 1181818
(1 118811 1288), Ι, 141147( - 1811888188 ’1111881 18 Β8138811888 ont·
8111881881888811 888 188183 Ρ111188111 den 88118888,11818811888818881
88188811181 18 ’18188811111818888 1118 381181 18 881881388 (28 188. 1308),
11, 60, 396( - 18 11888188 888111 18818888 0188188811 381881 8181 181 888-
81888 888 1818811118388 181 Tempelridders (231881 1312), 11, 72( - 11888188
81811888 181 11811 1881 888818188888 XXII gelant 8181 888 881811881
188 388818 18118811381888138 Begljnen 888 nljn 1181881 (221881 1324), Π,
85-86( - 1188818811811888 18111811 881881118 Begijnen 888 St. chris·
181181 (18 1811), 18838188, 1188881811, St. Truiden‚ 188888, 118888, Ζο81-
18888,111881,Βο131888,Η888811 88 18188181 811) 888 1811811( (24 081. 1324),
Π, 86-88( -11888188 11811 888 181 1181188188111838311888888 Roer-
81881811) 8881811811] (1 1188111321), 11, 8889( -1188818811811 888 181

1181188111811888 18 8181888818 8811888818 18 Β8311888 888 1881188888

 

