DOORNIK 283

193]; 11, 08, 106; - 000 200-101 0000010000 011 11010300 010000 (8 8001. 1349,
111013 ΙΙ,98,100; - 00300000 160 0000010000 011 1100100 00 150 011
1100330 010001· (9 8001 1349), [1, 193); ΙΙ, 99, 106; - 120 0000010000 011
11000001 01181010 00 160 011 100000 010000 (128001. 1340), [1, 193); ΙΙ,
08, 108ς - 00300000 80 0000010000 011 11100000001, 52 011Εο1100, 300011
0003301010001100000 00 100 011 11001010 010000 (13 Sept. 1319), [1, 193];
ΙΙ, 90, 106ς - 000 30-101 0000010000 0111100001 010000 (14 8001. 1340), (Ι,
103]; ΙΙ,99,106; - 00300000 250 0000010000 011 81010100 0111101000 00
60 011 0110010100 010000 (15 8001. 1340), [1, 103]; 11, 90, 106; - 00300000
240 0000010000 011 1100300, 300 011 0000000000, 120 011 0000000 00 211) 011
1111001 010000 (20 8001. 1349), [1, 193]; ΙΙ, 99, 106; - 000 20-101 00000000
0110100000000 100100 00 01011 30000100 (218001.1349),(1,103]; Π, 99, 100;
- 100301030011010 000 00100010100110 000000010, 0010000300 01000 000
250 0000011000000 0000 00000000 00010000010310 000 0000 000 010000
0000010000, 00000 00 1010103 000 0000000 11011001, lector 000 3030010000
(13-22 8001. 1319), 00 0000 000000300001001111 0000 1100000001 0000 111οο1-
801011011001 (23 8001· 1349), Π, 99, 100, 11ος - 00300000 200 0000010000
011 1100110030 00 300 uit Belle 010000 (27 8001. 1349), [1, 103]; 11, 99, 106;
- 00300000 450 0000010000 011 valencha 010000 (3 001. 1349), [1, 103];11,
901000 - 0000010000 011000001100 0001001001οῃ 0010300 0000 101 100000
00 1101100 (0060 10 001. 1340), ΙΙ, 11811ος ΙΙΙ, 20-21; - 00 00000110000 00000-
10000 100100 10003 (10 001. 1310) 00 0000 003 0000 1100000011 naar Mont-
80101-101100101 001. 1349), [1, 193]; 11, 98, 104; - 00000000103 000 000
0031010001 10300 00 0000010000 (27 001. 1349), 11, 112; - 0100000 0000000-
0103 000 000 0103101000110300 00 0000010000 (8 1100.1340),ΙΙ,112; - edict
000 000 8000001100 100103 Ρ1111100 111000 valois 10300 00 0000010000 010000
(15 Febr. 1330), ΙΙ, 09, 110, 110117( - 010000 00000000103 000 00010031-
010001 10300 00 0000010000 (19 110110.1850),[Ι,190,193]; 11,99,110, 112·113;
- 1101001010εο 1100103 0011100110οη valois 010000 01301000130 (20 Febr.
1350), [1, 100, 193]; ΙΙ, 09, 110, 118, 117; - 00 0000011110 bul 10300 de
0000010000 10 000100 0101 000 1000100001010000 01301000130(21110110.1310)ι
(Ι, 190, 193]; ΙΙ, 99100, 1105 - 000000 00000000103 000 000 10031010001
10300 00 0000010000 (81110001 1350111, 113; - 000000 00000000103 000 000
0031010001 10300 00 0000010000 (26 1101 1350), ΙΙ, 113) - 1001010 00000000103
000 000 0103101000110300 00 0000010000 (28 1110001 1351), ΙΙ, 141; - 01100-
013103 0101000000 000 00101 000 000 1100000000 100103 110001 1110300 00
1001000000 000 000, 10000, 110010 00 00 heiligen (2611101 1307), ΙΙ, 158159;
- 00000000103000 000 0031010001 003010000 1101 000100000 000 000100
0000 1101 1101113 8000001001 00 000000 0000000000οο 00110000 1101 30100100
00 Κο01 (1110011408),ΙΙ, 104-195; - 0001011000 000 0103100001 1011101
1111000000 000 0000 000011103 over 00 1011000 (7 Aug. 1411), 11, 1983 -
1010001001103000 00030 000 1110001100, 00 0100010000-30000001 00 1101110011·
101, 101 1101 0011 000 0100 30010111, 0000 00 1011000000 010011103οη 000 000130
0031101110οο 010000 (12 Mei 1412), ΙΙ, 198100, 306; - 00 1011000001οο Ρ10100
000 Prot. 01) 000010 000 000 1110001100 00 000 000 10001011000 111010011οω0
010 101100 00000000010, 000001 00 00000000 (3 Febr. 1416), Ι, 281; - 00
00300100 Ν1001000 800000100, 0001· 000 10001011000 001 01100 1011000000
0000100 00000130, 000001, 00 00000011 000 1101 1100010, 00001101 30100111 000

 

