1111111) - ALKMAAR 24³

ml (111118166616,163116, 1163666 16616161 161 1611 36661661666
131611661 166 11116611161161661116616163 1616616666 (1427), ΙΙΙ, 74.

1166 (1111111166 1666, 1163666 1661 6161 161 1611 36661661666 166316-
161 166 11116611 16116166116616163 1616616666 (1427), ΙΠ, 74.

1166161116. zie 1111116611 Rau.

1161116661· 6116616666 16 116611161Ιί61 666 6666111616366 6611116166, 616
1611616 1636666366 (17 1161 1162), Ι, 36; - 6116611 666 6611611666161166
6166 161 166111616 163666 66 1611616 666 (23 Dec. 1162), Ι, 6681 -116161
61 16661111111, koning 166 1116611111, 1611611 6161 11166 166111616
gens 66 1611616 1661166666166 (1102),Ι,1”7-38;- 161661661616131 1161
16666366666 (11 666. 1163), Ι, 38-39; -16661 1616116 666 66661116 16366
1611616 66 16666 6661663616 (19 11611163), Ι, 393 -616611 66116-
1661611166(166 1161616, 661.) 666 616 66661111666616 16116111 16 66661-
11166 (21661 1170), Ι, 44-41ς - 16661 16 1161666161616661666 66661116
166 66 1611616 (19116611 1179), Ι, 46-47; 11, 384.

uuunder w, 116116, verleent 1611116611 666 666 prior der predikheeren
6 Ρ61116 616 66 1611611611613163 16 161666 (10 1116611 1255), Ι, 1261211-
16166166116611166166 166 Β6666166, op hun 1611661, 166 66161161161-
13163 16 866136661166 1611611111 (21 Aug. 1215), Ι, 124 ; - 61611, op
166611661661631166611111 666 Η611136, 666 11611611661 661 116611166166
1116611111 66 666 36161666 661 611666111666616166Ρ61116 161161616116616
161166161111116611111 666 (13 Dec⁴ 1251), Ι, 125-128; - 166116 1166161111
1 161166 66661161661163 op de 3666161111636666166166, 61666 66161666
1 1611611611613163 16 661166 (9 666. 1257), Ι, 128-130. 689; -116631161
161 661116611166166-161616116616 16 1116611111 166 1166 op 16666 1661611131
6111161166 Ρ61116 616 16 666 16 6161166 61 6661 anderen 16 1611116366
1 April 1218), Ι, 130; - 16116611 66 61616166 16366 66 1611616 (25 April 1260),
131; - 1661611131 66 1116666116 166616116616 616 666 6616166116116666
11616 6611661166 66 6616616616 6161 16 16136166 (30 April 1260), Ι, 131-182.

1161611661 vl, 1666, 1661161613661616 661661661 16161666116661611661616
6 116 0666661 16666166 (22 Febr. 119111, 486ς 11, 991ς - 61611666 1116-
111661 11161161 11166ςοί6 616 16161611661 16 66 Ν6661166666 666 (1493),
187-488; - 61611 666 1166111661666 (166616 616 161616116611611661611111
6611111 666 (11661 149411, 488-489ς- 61611 666 1166111661666 Β161611
1 1616161166116 1611611661661611111 666 (14 061. 1417), Ι, 48949ος -op zun
vel 116161 161 11661116616611666161 166 [1116161613 161161616(2-9.1611 15021,
ἶ, 167-168.

1161611661 ΙΙ 166 06166, bischop 166 11111, 16661 616661 66661166616111611116
6666 (13 116611 1166), 1166161) 1661161116 Β6311666661616166166,11111666
616116616611111666 (161111661111. 1171-1177), ΙΙ, 24, 27-28.

111661. 616 (16111116.
111666 (2611116 66). zie 116116 6111111.

mmm. 166, 11161161, 36166113 uit die 6166,1611661111001 161 6136111666
68ῖῦ116 {3³ 0111161511ηέ5 1116 161161661 6611111, 66116111666 116161(61111(1)
r 1 1 1 ·

 

