ALGEMEENE LIJST DER STUKKEN 231

11131113111 (1111111111111111, 113111 1111111 11111131 20⁸1.an

(Inquisiteur Mr. Jehar) ............... ΙΙΙ, 139
1484, 0111111 13, Rome. Anntcekening 1111 11 11111111113111 Μ1. J 11,
1111111111 111111 11111111 111 11111111,1ο11111111111
1111111111111111. Joanne'c) ............. ΙΙΙ, 140
1484, October 13, Rome. 111111111113 1111 11 11111111113 111
Mn. Thomas 111111111111, 1111111111 111 111111111111-
11111111 111 11111111, 111 1111111111 11 111111111111111111
(1111. floram) ................. 111,140
1483, October 111, Rome. Annteekcning 1111 1111111113113111 11111111
1111111111 111 1111111111 1111111111 11 111 1111111 1111111111
(1111111111) ................. 111140
1 1494, October 22, Rome. Aanteekening 11111111111113113111 111. 111
11111111 1111111111111 1111111111 11 11 1111111111 Kame·
111,111111113,11111111111111111111111111). . . ,ΙΠ, 111
1484, December 5, Reme. Bul 11111111111111111111111 1111 1111111111
111111111111111 11111111 1111111111 11 Jacob 8111131111
111 1111111111 111, 11 neten in 11 aartsbisdommcn Keulen,
11111, 111. (Summis 1111111111 affectibus) ........ 1, 455
1484, December 17, Beryae. Een 01111111111111111 111111 111111 111
11 1111 3111111 11 1111 11131111 11111 3111111111111111
1111111111111111111) .............. 1, 411
1486, 111· 5, 111111. 11111111111111 311111111311111111111111111
11311111111111111111131111111111111111111, 1111111111
Petrus 11 Quercu, 111 met 11 1111111 111Η11111111,111111
111111111111 1111 111111111, 1111111 111111 11 1111111111
11111) ..................... 111, 141
1486, 11114, 17111111’.Α11111111113 111111 11111111113 111 vicanis·
31111111111111111111111111111Ρ1111111 11 111 1111111111
111111111111 1111111111111111111113, 11111111, 1111111111
111111111111 111111111111111(111111111171111111) . . .111, 143
5 1487, 1111111· 14,111111.111111111131 111111111113 1111 111 inqui-
1111111111111111111 111111111111111) ........ 111, 113
1487, 111119, 1111111. 1111111111 1111 11 1111111 111 inquisitam-c
11111111 1111111111 11 Jacob 81111311 1131111111 111311111
11111111 Mallem 1111111111, 11111 11 1111111 111111111
1111111111 11111111111111 111 111111 op 11 111111111
11111111 11 1111111 11111111 11 111111111311 111 nectens
(11111111) ................... ΙΠ, 144
1487, June· 10, 17111111. 111111111113 1111 11111111111111111111113
1111111111 11111111111111111-31111111 111 111111111111-
orde 11 Ρ1111111 11 111 1111111111 1111111111 1111 1111
bindommcn (1111. 1111111) ............. 111, 149
148111111111, 11111111111111113 1111 11 1111113113 11 111
11111111 1111111111111111111111111, nlhoewel 11 11111111
11111111 11111111. 111. 1111111) ........... m. 149
148111111111111111113 1111 111 11111111111111 1111111111
«Iohannes Houdnen (committitur) .......... ΙΠ, 1411

 

