JAcoss 10111111-1111 8³³

14441 (1444444441) Ι144141, 4114114414 14444111 34444444. 1411444144 444
114444411144441 444 144414114444444 11444411 om 44444 44444444114144114444
(144 44444344414 14 4141144; 44 4141144 444 441444444441 worden door 444
inquisitam 4434114411 44 hem, op gunstig 444144 144141144441144141144444,
4444 444 4441414441 44441444144, 4414444441 den beschuldigde 44144411·
141414 1414444144 (18 Mei 1417), ΙΙΙ, 72.

144411141441444,1444444444144 van 144444444344411, met twee 444444

41341444414444 444 444 magistram, den 14114414414441411444 Η4144144

144444414444 1111441, om 44 444 14441411441441 444444441 14 14 4141144
(17·Ιο suli 1471), ΙΙ, 268.

14441 444 don 11444414, 1144444144 4441114, 14 Brugge wegens godslastering
444 44 1441 gestem 44 44 tong doorboord (24 Febr. 1490), Ι, 457-458; 11, 392.

14441 444 114444144144,44414414 44 34434144441414, 44144 444 141 444411-
14444411444144 444 144144, 414 1444111444 14 44 4441411444444444 1144144,
114144 44 ’14144 4444441414, 44141411 14 1144144 444 444114 14344 441411444
(1510), Ι, 498, 499; - 44444444411, 14 samenwerking met den 44144 Jacob
1144441, commissuris 444 444 11444144 444 11144411, 44444144 11444444 444
1111441141 14 ’4 (1444441444 414 144441144 141144 (14 Dec. 1512), Ι, 501-503; -
414411 14 1144144 (21144. 1527), Ι, 499.

14441 444 1444414441 (4411444141444), 4444111444 444 141 11444144 444
1444444, 1414444414441411444 14 141 1144444 ’1444414444 4444441414 (20144.
1475), ΠΙ, 180·121; - 44441 lector 4414414411 14 14111444144444811114414·
bergen (28144. 1475), 111, 121.

14441 444 84441114 844414 41444 844444), 4444111444, professor in de god-
44444414141444411444, 1444411 14344 4414441444 444141344444414444, in
141014441144144. 1993 41 1994),11, 153-156; - 4444 444 4444411144 14441-
411444 (1141144144 444 11144411 1411444141144414 441144444444 1144144,
11144411, 11444144, 0444141141, 1114444, Bremen 44 Ρ44441ο44 4443441414
(80 8441. 1409), 11, 196·197.

144411441441, 4444111444, samen met 444 4444111444-14441411444 144 (444)

044444 4414144144 4441 444 44 4441144144 444 444 44144 444 141 11444144
444 041444(91411 1489), 111, 149.

14441 1144144444111444, 4444111 14 0441 4444444444 4444 44 14141114 1411444
dorstad 44 144411441 44444444144441314444 444 4114 11444144 4444444 444
magistrat (41444 Sept. 1481·ll 1411 1481),11,271271.

1444444.,141144,14 044144144344, 14 11444411 4444 141 4444141111 141 44444-
4441144 14 0441 14414444441414 44 144444111 (8 Ν ov. 1458), 1, 857.

14441,1444114,.14(4)4444ι441, 14(4)44444444,.1444444, 14114441. zie 44444 14444.
14444441414114444144411441444). zie Ν1444444 14444444. ’

1441144144 444 0111444, 444441 144414 444 141 141144441 144144411444·
4444441414444 Margarotha Ρο4414 (14444144 1305 44110811, 156, 157,
158, 159.

1441144144 van Doornik, 4444411 14 11444411, 14 444444441144 met 444
1444144144441444444, 444 84444441441444144414441 44 (14444141,
14344344444441144, vrij 4441411441) (191441 1440),1,381861.

 

