1011111111 MONS - JOHANNA VAN CONSTANTINOPEL 351

1111111 61 1111 (111 Ber-qen), 1111111113 11 1111111111, 1111 111 Kame·
11]·11111111111111111 11 111 11111111111611111 11 1111111 1111111111(
1111111111, 11131 zich 1161 111 11111 111 1111111111 in 11 3111131111
op 11 111111111111111111 1131111111 1111111311111 (14³0), 1, 316319.

111111111111111 1111111111 1111111.

1111111 uiuamus, te (1111 1113111 3111111111113 1111 1111 111131111111
(16 Aug. 1465111, 260.

11111111 (1111111, 311111 7113111311 (1111111311, Emeum), 1111111 111111 11
Δ111111,1111(1111111 111 11 11111 1111111111111 111111 11131111111 (11
25 Febr. 1460), Ι, 646, 317; - 111111 311111111111111 1111111111, 111111-
(11111111111111111 11 1111 111 1111111111 3111111 11111111 (9 Mei 1460),
1,111,111,111111;111. 69-91; - 1111 111 Ρ111111111 111 Parijs 111111
eet 11111111 (20 Mei 1101). 1, 462163, 11, 392.

1111111 1111111111, 311111113 111 11111111,11111111 111 Ρ11111 11 Brun,
11111111111111111111 1111111 111 1111111111 11111111 (261111 1146),
ΠΙ, 61.

1111111111 111111, 111111 11 111111111111113111 haren vader 1661 111
Ρ111111111111Ρ1111111 1111111111 (6 Nov. 1469 11 19 1111 1191), 1462-
4631 11,392; 111, 111.

1111111 11 111111. 111 1111111 Β111111.

seham 1111111 (111( 31111111 1111111 11111111),111111 111111 11111111,
1111111113 11 wasiers nabij 1111111,111,61; op eene 31111111 1111111111
1111111111111111 111 113111111111111111 11131111111 (25 1111111420),

111111131111111111 1111111111 111 111 1111111111111111111131111111 11
111111111 en 1111111111111111111111111111111 ketterin tot 11111 1111

1111111113 11111111111, 11 11111111111111 1111111111 11 11111111 1111
111111111111111111111111 (9 11 10 Mei 1420), 1, 299-302ς ΠΙ, 5661.

11111111111111,11111111 11111111111111 111 11 Quesnoy, te Kamerijk
door het bissehoppelljk hot ο111111111,1οο1 Nicolaas Gonor, prior 111 11
111111111111 111 1111111111, bem-edim, en tot 11111111131 3111131111111
11 111 11111111 111 611111 11111111111 (23 Sept. 1491), Ι, 466,165-466;-
111111 in 11111 1111111 (1. 11 Nov. 1491), I, 463, 166.

suham 11111, 11111 111 Simon Becquet‚ 1111111113 11 11111111, ΠΙ, 57
11611 op eene 31111111 1111111111 1111111111 1111 111 magistrat dier
1111 11131111111 (15 111111 1420), 1111 111 3111111111( 1111111111 111 111
11111111 111 1111111 11131111111 11 1111 11111 11 111 inquisiteur als
berouwhebbende 11111111 11111111 11111111111113 11111111111, 11 1111111

1111 111 11111111 11 11 11111111 1111 111 111111111111111111111(011 10 Mei
1420), Ι, 299-3023 ΙΙΙ, 1662.

111111111111111, 11 (1111 113111 3111111111113 1111 1111 111131111111
(10 Oct. 1476), 11, 260.

1111111 111 1111111111311111 111 1111111111 en Η1113111111,111111
1ἆ11ὧ11ι11111ἒ1113ξ511] 1111111 1111111 11 1111111 (2 111111 1266119198, 104,
1 1 1 ·

 

