166610116611-1116 MALVOISNI 343

8111 horatii, praeceptor in 66 0616661166611661 16 101 1166061616 recht,
1663361666 66 1166666111 666 11006611, 666606131 6666 66 30636166666 116061-
1611 666 1866111 66 1066163 666 161 00066116616 kapittel 163066661 66
1611661616 6161116366 6666 1666666 J an 1163611 3666661111 (6666 5 Febr. 1483),
ΠΙ, 1293 - 6666116616 11) 1616161166 666 66 66666661666116660166 66
611666616066661 66 161 16311161 666 00066111 16 66 66611 666 866 1463611
(1 1166111483), ΠΙ, 135.

1111 111116. Zie 316 1116101.

Ian (16) 8668663166, 660106 16 66 30636166661616, 66666131 16 11166611 66
161166601616616 666 1861666666 (8011- Dec. 1460), 1, 378, 314, 380, 386; -
610661606611630 Aimery 6066 161 Ρ661616661 666 Parus 3666636 (6 366.
1463), 1, 887,- 6666161 Ρ661661661 101 6616666663066163 60600666616
(88 11611491),1, 468483, 11, 388.

⁴ 866 lo 161616 (1616166), 36661616 811 (160111) 01 6011 86166116 (01 1166116686),
’66636661666 66 1661666666 666 11166611, 6006866 ’1666661116 18616661 666-
3636666,66066166636166666 66 6606 16136661611111 1010666660611(6681 Febr.
1460), Ι, 346, 347; - 660661 36386136, 1Π, 98; - 16631610116 66 3666636616
op (811611468) 66 1116 181606613616111666 66 66616666 (8 1161 1466), Ι,
311, 363384; -, op 66660611 666 6866 6601166 63666111 161Ρ661616661666
ParlJ's 16366 11166 66611666 666 606616 666 666016661611163611, 66666666 6666
1161 0611661166 (6 1106. 1468), 111, 116-118; - 6606161Ρ66166166116 atine
66616111616 (80 1101 1491), 1, 462488) 11, 388.

816 16161π6,0666666110066166 1614166611, 616 88616666 66636106666 66
16 66 1116016336111116 3666636616 0336610166 (13 Aug. 1468), Ι, 378, 874( -
666661 3616116136, 66613661 1616166666 66 660661 166 616116 06666 6666 666
3616136616 66111616 3661616 (85 Dee. 1460), 1, 384, 886; - 660161 6006 161
8661616661 666 1866116 16 61166 666 16661616 (8011611481), 1, 468483( Π, 898.

lan 16 rol, 61666111, 600106 16 66 36636166661616, 1636611 6101, op 66660611
666 666 6631116661666611116616666061116616366 66 11611666 66 60 Tur·
1668666 (6. 1465), Ι, 418.

8111 1661111, 666666131, nameus 66 66661616 66 6616366616666 666 116016166,
6666110116 1161116366 16 66116 666 066 1061101111 161666101 (6666 23 1166. 1478),
1, 486487.

116 lo 8611661. zie 811 81660616.

1611 11131166 (1), 6061666136666116111660103661811 16661, 6666611) 666611661
660661 611366310166 16366 161116616611616616066166 666 Luik, 661 66613661

31616 3136161666 1161661116 10066661 616 663061 16 66166666 (4 8611 1478),
, .

116 lactu, een van 66 6666061666 666 Doornlksche 8666666168 sept.-
11 001. 1348), 11, 98, 184.

1111 1116611111, 36661666 van 66 61666616066666 666 14166011, 6611666661, 611
66616366600661366 666 66 61666116066666 666 00666111, 60 066666616661

6666 166 36116166 1661 161 16111161 666 80066111 16 66 mk 666861 Augen
(l 1166111488),111, 135, 130.

 

