GEESELAARS 297

(6. 1380), Ι, 248210, -hem 1101313001 366 111166οο3 van Utrecht 36101-
1611601 010 16 6116 3666161111360163 16 01631166 061600166 (6. 1380), Ι, 211, -
110131 3001 Willem 166 3606161106 666 ,1606 Urbanus VI 616 01631161
66 16001111601116161 6660610166 (21 061. 1383), 1, 250251, -0163111161-
1606666 16 06166161 061 36 31063616 66 2011611 16366 361613661163166
11611611) 16 1613631366 (16611381), ΙΙ, 150151, - 01]Ι 66 36 31063616 166
061 36106666 leven worden 1613660136616611160 1611611) 66 3001361166016
36611610106131001363361366, 00061366 66 36311666 3666001366, 316366
16613003 161316066, 10661 116366 66666 1613631361 10 116 161 3001166,
6606066 166 06160161 (6. 1331), ΠΙ, 1317.

61111066161161160666616. zu 066160 2 01111111611, 610, ΙΙ, 115, 118,
-01166161161631161, 11, 115, 131, -0616111163111,Ι, 198, 639, 610, 11, 115, 119,
127, 133, 130, 199, - omisca, Ι, 108, - 3109111061, ΙΠ, 23, - 0163311611,
Π, 123, - Quanta, Ι, 200, - Flagellum, 1, 101, 198, 201, 213, 11, 111,
113, 111, 119, 120, 123, 125, 132, 100, 111, 11, 20, 22, 31, 36, 3310, -
nauem, 11, 1173 - Ρ611061, Pindum, 11. 117, 130, 131, ·- Penmwhim‚11‚
112, 113, 111, - anitmet'm, ΙΙ, 130, ,- Fomenta, 11, 109, 103, 101, 105,
100,110, - 1161911166, II, 111, - 606106661οο 063611163 111163ωο16061),
111, 15, - 16 001116οΙ603 01 10 1106361116116016013001666663666160116
06161666, 66 36 16116011116111163611 van 1310, 11661666 6666 6136616606
663610060613 1166 100161363666, Ι, 101, 1396, 100, 101, 129, 1211121, 131,
132, 133, lae, 136, ΠΙ, 20, 33, - 10016633163166110066661 30 110116666-
366036 36 10366 66 36 0661616616,11,08,101·105, -0066616101160116366,
3611101166, 11663163, 6166161 166 006163066, 003610011306366 66 1011611611,
Ι, 102, 101, 195-103, 639310, ΙΙ, 99, 106101,103109,100136, - 00666 161-
(166016 6161116360 60 0663606360, ΙΙ, 03, 195, 129, 123,1·25,128,120,132,
133136, ΠΙ, 11-111, 2123, 3531, - 61) 616366 11636166, 61116 61106 1006361-
1661, 16 0001611, 11, 198, 16 1106366, ΙΙ, 121, 16 11011, Π, 122, 123, ΙΠ, 20,
16 0610161160, Π, 128, 131, 135, 10 1161 10661660, Π, 123, - 1163 361
3636106316οο (1661616616 (13101350), Ι, 196191, 11, 136-130, - 1163 361
walacho 0666616611 (13101350), Π, 139-119, ΙΠ, 2398, - 006 0116116360
36 10366, 316 61) 166600131366 3001 1161 6613110366 36166161001160 36
310016 1061616116 66 1161116 16 hebben 1611161166 36111636 016161 106160
61116 61001360 (1319), 1, 101-105, 196101, 109, 210201, ΙΠ, 20, 96-37, -
310016 11661 361 366116ὶῇ10613 66 0661 16360 066, 11, 120, - 1616631016
1610616116336166361010613 00361 3661011063 361 (1666616611, 11, 08, 191,
135, - 11001166 10 36 0661616616061163103, ΙΙ, 09, 100,129,125,126, 132,
- 1661 11613 61 300110336600166 6001161 16 061 0166160 616 10 061 Latijn
0161 36 (1666616611 3616016160, ΙΙ, loz-108, 110, - 10 161616 1110611166
1316611 men 160 1166016 6166066 66 11001166 06361066, Π, 132, 133, 136,
- 16110161366 1160 over 1106361116, 30061066 60 663616 166366 166 061
006160, 60, 10 061 11001366, 0161 3116111163, 3160661, 3666300666, 111666-
36166 60 31661316 (16615 061. 1310), ΠΙ, 29, 33, - 1101066 011 00111601663
0661 11011 (6. 24 ,1061 1310), ΙΙ, 122, ΙΙΙ, 20, - 36 0011666611 101360 061
100106613 361001166060661616611 60 16116166 00606 11636166 (1310), Π,
122121, - 36 1101161366 106366 6160 bij 36 (1661616611 (131010, 132, -
de (1661616616 106166 16 0601 (11001 1319), ΙΙ, 136, - 36 31036606 06616-
16611 666366 0001631610601666 061 16011161 166 0001611 (1131116116161

 

