ANNO 1420

16666661611 8666661, 111 Camino, 1111166116,

Simon Β666661,11616 audit 0616166 11666661,

16 lemme dudit Simon 3666661, 66616166 -,

,1611166 16 0611161, 6166166616161,

ung nomme Ρ16161166 06161166,

1666 6661666616161 16616616616616 11116 61 eschevinage de Doua53

Tasaart Fourdim

161166 11661116,

- 16116666 1661161, 1661616 6611116666 11661116,
1616661666 aWasiers¹ 6616166 1611116 1111616 1)ο661;

(111166 166 Anniana, asculen, 1661661661661616616 6661 1 Marenem

Ρ6111611666611, 1’16616116,161161 66111 Gilles3

61 Ghnlllebert Tulin, 1661661661 1 valenchiennes.

11166166 16 611666 61 6616116666661661 166 166666 66611661 61166661616, 16
616 66 16 6161666 16111 111111616616661166 une 6616111611 611 1611616 (16161166
11616611 16661166 166116666; 6666611166 16116616 616166616 111166, 16666611
16166166661161 66 halle.

1666661166 6116666 166666 116 congnoisaance de reverend pere 66 Dieu
monseigneur levesque 111166, 11 661616 116 161 16 116661 maistre Pierre
316661,6666661616116,6116616116 161166 carate, 666 6166161661, 61616161 16
16111661661616666,61116 666 1666161166661616161166666166161666661116661
666366161166161661666 666 droit 6666111661 66 66661166611. Et ainsi 161611,
61 lesdis 61166661616 6116616 111166 6616161 661161616161111116666116661
levesque 111166.

11661, 61 166116 61166661616 6116616 111166 6616166 61616661 116 66611
666611166116 111166, 61 6611 interroghles 61 6161111661 66116 666 16 11616616, 61
6166666116166611616116666616611 1611 61 6666161 666 616666, 16 661 16111
monseigneur 16166666 111166 61661 61616116 Ρ16116 1116616, 16 l’ordre 166
11616661666116616, 16661611661 16 16 sainte 16161166116666, 1661616 166 666-
166666 66 16 61661616 661 6666616611 :

Ρ16111161661661, lesdis Ρ61116116661116616116611611166 16 (1611161161661
6116611 611616 661611116 6166116 6166666616611611.

11661, 6166166166166611616661 1611, (1111166611 Thulin, 16 Valenehiennes, 16
ars 6616 1611116666 1661661616 16 monseigneur levesque d’Arras 61 666
661116 166111166 616.

Item, ledit Gilles 1661661661 16 6661661666 66 61161116 6616616616 61
16166616 66 6116666(1611161666616666116166666111166, 6666 1616611 66
116661.

Item, Simon Β6666611666616166661 16611 611666 audit 1166111 61616 66 6616
61 alaeue, 61 66166 16661 11616 61616 666661, 6661661666 1 6161 66 6616116616
18616111166161 16 warengeville 16116 666 61116616 16 ung eherge 16 611116
666661 666 11116.

111166 661166 rili 61166661616 61 16 remanant 16 16616111166161661161616661
11)6661, 16 166611, 111ο jour 16 1661166 mil 11111116 61 16 1661661616, 66116
1661611, 10 jour 1611116616 16 may 1111·ο xx, 1616616166611166 661 16 161661
661616661616116 Ρ16116 11166116, 16661611661 1616 661616 16161166116666,661
ung 16611161166116 Μ6161116 66 bled 1 116661.

Item. 6166166 161116166611616661 1611, 16 remanant de 16616 111166 161661 616
661 16 116611.

 

