INQUISITEURS xm

1471. 101111111130111111, 1111111111111111 1111111 Luik,
11111111 111 1111111111111111 11 Hoogeschool van
Leuven 111111, Π, 269.

1471. 111 111111111111011111100111, pauselijke 1111111111111111
1111111111111111111 1111111111, 1111 1111111111 1111111111
11 1111111, 1, 423.

1471. 111 111111111110111 Bomal, 11111111111111111111, door
1111111111111 111 1111111 1111111, Ι, 423, 424.

1011 Ν11. 1472. 1111111111 1114111011, 1, 431, 432.

1101 Ν11. 1472. 11111111111111 ’1 1111111 1111111111, 1, 432, 433,
434, 439, 440.

1472-1475. 1111111111111111111111011111, 111111111111111 1101111-
11111111, 1111111111111111 Ν11111,1, 443; 111, 118-120.

147 5. 1010111 1101111111, 11111111111111 het 11011111111111-
1111, 1111111111 11111111111111111111111 111 1111111 111111-
1111, ΙΙΙ, 120.

1475. Eustachium 0 Laude (Alauda, 1111111011),1111111111
van 111111101111 10 Brugge, aangesteld 101 onderinquisi·
1111111111111111 11111111, ΙΙΙ, 121.

1478. 1111111111111111101111 1111111111, 1111111111 inquisi-
teur 11 mugga, in samenwerking 1111111111111111111111
van 1111 11111101 van 11111111, Ι, 444-446.

1479. 111 111111111111011 van 01001111 1111111, Ι, 447.

1479. 111 11111111111111111111111101 8111111111 11110111 naar
11 Ν11111111111, Ι, 448, 449.

1479. 111 11111111111111 de 111110 (Du 00111111111111111
11111111, 449, 452; ΙΠ, 153.

147 9. 1011 11 1011111(10110111), 111111111111111111101111111
st-omaars,aangeste1d tot 1111111111111111 111111111111
1111111111, 1111111111, 11111111 1111111111, ΠΙ, 122;
11111111 in 1484, ΙΠ, 14Ι; 1101111111 in 1486, 111, 144;
1111111111 11 1487, Ι488111149Ι,111, 149, 150.

1481. Jacob 81111111,1111111111111111111111111 11 11111111,
1111111111 111 1111111111111111 bisdommen Μ1111, 11111,
11 Κ111111, ΙΠ, 123.

1482. 11111111 1110111011(110111111),111111111111111111111111
11 1111111111, 1111111111 111 1111111111111 111 11111111
Κ11111111, ΠΙ, Ι23; 1111111111 1484, ΙΠ, 140.

1482. Ζ11111111111111111 1111111111 1111111 11111111111111111111
111, 1, 453.

 

