KETTERS EN KETTERIJEN m

Te 1111101101 110101Το1010111 op 001 001111) 000100101
111001011011110010 (1115), Ι, 25, 26, 28.

1112. De 11100101011000111 01 1101011ιί0101 Willemen 00 100101
0111011001 01 Hametricus, 01101 1011 1101 (1110111111),
01001 10 7110111101 001 11000101) 10 10011; 111001011001101,
11100 01111101101, Ι, 18-22.

01126. Talrijko 10110111101 01 0101111110010 101 ’1010101110
00010 10 1111101101 met 1100110 0001 00 Νο11011111010
0100101111, Ι, 23-28.

1135. 11011010 1011111, 11001101 001 101010 110101 10111010, 11100
11011 1101 00 Κο11 10110010101 00 anderen 's 1001110 011-
1100111011, 30.

1135. 11011010 0001101101·101101110 10 71101 01 10 [11100111 101-
11010, 1, 30, 31.

1145. 101101010010 1011010 10 1111, 100101001111011001 001
1010 Lucius 11 110101 10101001, Ι, 31-33.

1145. Al 00 31010010 01 11110010 010001 110110110111 1001101, Ι,
31, 33.

1153. Το1111101011010111110001111100111, Ι, 33, 34.

1152-1157. ,1011011101 3101011001 1) 0001 101001010οη0 101111010-
101 010110110110100100010, Ι, 34, 35.

1157. 1111111111 01 0011010011 onze 1011001011, Ι, 35.

1160-1161. Κο11010, 1117100100101 0110110111, 10 011010 11 11110-
1010 10110110 0110011011, 11, 7-9.

1162-1163. Populicani 11 7100100101 0001 001 00110110001101) 101
110111010110110, Ι, 37-39.

1103. 1111 7100110010 1011010, 0011 mannen (1100101001 1111101000,
Mamilius 01 Τ10000110111101 0110 11011101, 10 Κο1101
10111010, 1, 40-43.

1 172. 1100011, 11100101, 10111001110111010 01) 10101 101 001 00110·
11000101) 101 1101110, Ι, 45.

0. 1175-1177. De 11110010 11100101 1010101110 (10100011 10
Reque) als 101101 10110110 01 101011010; 111101101ορ1
01 1011001 11011011] 001 01111010 calixtus 111 11101001)
10101 zijnen bisschop 1100111110 101 Ζο11111101; hij
1101010001 001 11010 111100110101 01 01011111] 111101
1011111001 10 Luik, II, 9-36.

1182-1183. 1110111,1100011101 0111100 0110100100 1011010 met
veel 0100101101 101001 11110 01101 0110 010100101)
10101 101 001 0011011000101) 101 Reims 01 101 00111001

 

