OUDENAARDE - PARISIUS 395

oudenarde (1111110111). 11111101 1101101 01301001310600101001110 11001111

101(20 Sept. 1319), [1, 1931 ΙΙ, 99, 1011; - 11100 30111111011011 10101 1111111
te 11011 30101101 (20 Dee. 1130111, 111ς - ’10110101 111 101 Perre, 1103011
1111101113 111 ’1 1101113 sacrament 303001011 01 101100101001113 in de pro·
00111010100110011 (1511), Ι, 514-515.

oudam (31110110). zie 3111011 11 0010111.
91111101 10 11010111 (3113110111). zie 1101011 0111110101 11 1111110111.
01011111. De 6001011011 011011 11 ’11011 101 9011011010 (1319), ΙΙ, 133.

311111. 1101113 1101111111111 1111301111, 110 001 1110νί101111 00101110
1111113011111110031 10 1101101,1011013101 111111 01 1011011 1111110110101
1110111113 (1110101111 1169-1161), Ι, 61; 11, 7-9,

Ρ

1111110 (1111110111). zie 1111101101 311111.
Paluda (11001111 10). 110110οο 11 Panum.
11110311100110). zie 3111011 11 Ρ111.
111011 (30111111). zie 3111111111 31111111.

1111111.θο prior der predikheeren 111011 110111 100110 1110110110 111-
10100ρο1 blj 110111 1100111111( 10130110031 1103011 1111111111 101 110011 111
1011011130 11011111001 11 101101111111(1190·12911), ΙΙ, 319-391; - 01101·-
1111311301 101 30111301 01 1011101101 111001 1001 101111111011111 11110
10 1011011010 Τε1111011111011(12 1101. 1³oe en 11101), 11, 6013ς -101101-
11011 301011111111 10 Ηο1030111101010311111113110111Ρο1010, 11111111
101 0110110011001 1011101111101111111011 111 Parus 111 3001111101 01
301301001101 011101 11011 0130110301, 110111 1011011011 10101101 (11 April
1310), ΙΙ, 6331ς - 1010110110110103111 11113110111 Ρο1010 111 Ηο103011101
11101 1111101 1010011101 11011101 10111111 (1 1111 1310), Ι, 1511611 11, 61·
65, 3911 - 10 301301001101110111011111 Parus spoort den 101113101 101
101111100101 101 (1001011011 01 1011111101 11011 30011011113 111 1111011
bij den paus 011 10101 101 10110100110010110110010 10110 101101, 11013001
1010 1001 11 00111001113101110011 1011113101 (5 001. 1319), Ι, 1111, 303;
ΙΠ, 23381 - 10 30130100110 1110111011 10100110011 10 (1001011111 (3 1101.
1319), 11, 113-111; - 10 30130100110 1110011011 101 Ρ11111101111101 11001·
nik 001130 11301101113101 010 10 1011011010 1011100101 101 1011010 11311-
111101 111111· 10 01101100101 (10121101 1111111, 1911333961 -111101011
1111011111 worden door 110111 Ferre 10 1111101 111 1111101101 10111111 (1661
33 Aug. 1160), 111, .111-113; - 10 30130100110 1110111011101 311111 110111
101 101 11111101 101 11001111 11101010011001113 101 10 1011011010 1101111301
111 1100101 111 113011 (7 Febr. 1133), 111, 131130( - 1011110111001011
“ 111 11001111 1101 11111 111 101001) 101 101010011001113,100110301·
30100110 1100111011 111 Ρ1111011301ρ10101 10301 10 1101111301 1111100101
101 113011 (1 111011 1483), ΙΙΙ, 131. - 310 0011Ρ11111111111111 Ι1111111.

11111101111111011111110). zie 11111111 111 Pauus. ,

 

