SELLES - SIMON BROTOGOLLI 417

86116661861166116611666). zie 11666616 snm.

861166, 11661661 666 166 11666161 666 1166166111, 66666 16 Β66666166116
66666661666166 Willem 666 Η111666166616 616 666666166116 1161166 6666
161616666 16 6136616166 6666110116611411), Ι, 161, 118; - 66666 16 1161166
J teob 166616 666 01666666-116166-116616 6666 161616666 op water 66 16661
3611661661 6661111611 1451), Ι, 330, 331; - 66666 16 16661666 111666166-

6661661616666 Ρ611666 666 1160666661,1ο116666616636 6161611163 666666-
16611, 666611 3611661661 (13 Sept. 1491) 66 6661166 616611 (6. 11 Ν66. 1431), 1, 436.

866116111666661666). De 666161166661 666 1161616 666611 6661663616 661 66
6661666166166166661116 16366 (16 Tempelridderz 16 houden (131611 1311),
11, 6566. -

866616611111166). Ρ666 Gregorius lx 1666611 (166 1661111666-16661611666
1161661 16 1611666666613163 611616 16 1616611366 (13 Aug. 1135), 1, 101-101.

Set-rarior (1116616) 61 8661666611 (11661666). zie 16661616 8666166166.

8666611116, 16166166, 616 6661166366 666 16611661 16 36366 666 6116 366616-
1111( 66111166661166 6111611161661 Luik 36166666 (6.1115-1171),11, 13-14.

8136666 666 11161661, 1166666111 166 81. 1166616666661116116111, 6666116161
Β6666666 666 1111661 1666166 16661611666 Simon du val 616 66616611666
16116611 16 861616666116 163616631, 61666 616611 6666161110516111117),
Ι, 140141.

8131661661, 11666166161166163, 666 66166166 van 1111116666, 36661611116 611
161116661166116 1161616, 6666 copie 66611666 6116 1161166661 366616111 (6006
April 1118), Ι, 101 ; 111, 51, 53.

Silvanectum. 116 866116.
[Simul. deken der St. 1661161166116611 16 Luik, 116 op 66666166111116 661166

666 61116661663666 666 16611661 16 Β6366 666 661661 3616136616 16366 (16666 ’

arpent (c. 1175-1177), 11, 15, 16-17.

Simon 116636611666161666 Jacob Beequet,111‚ 61,66666661113 16 11666661,
op 6666 36161616 16116666161116661166161 (1666 166 6631616661 1166 6161
66636166166 (11 1166611410),6666161 3666161111( 6616666611 666 166 11666161
666 1166611 61136166661 66 1666 16666 66 166 1666111666 6161666666-
16116616 1161166 66666616611 161 (1616 16666166 6161611163 op water 66
16661 66 161 6666 1616661161 6666 St. Nicolas de varengeville 66666616611,
16 1166111666166116661161 1616611161 66 611666 3666636636661 (3 Μ61 1410).
1, 130-301; 111, 5661.

Simon 1666661(166661616 666). zie (1011616116 Rom.

816666 1666616666666161161166, promotor 66 instigator 666 166 1166116661
666 16611616 1611666666 16 het getting in 1666166163 666 161 6661116611·
gesproken 16366 1116616616 866666166 (1410-1410), 11, 130, 135, 141.

Simon 3161666111 16 16661661116611 666 161 11666661116616 1161661, 1666611111
66 1616661111 notaris 666 161 1161661 1)6666111,161161166661 bij 161 6116161166
666 666 6166116111 666 6111111166 666 161 1616636163 16366 1116616666 866666166
(13166. 1411), Π, 147.

 

