VERBRANDING VAN Knrrnnscnn SCHRIFTEN 133

00 8001000001 000 101100 Βο01111100 († 1305) run de 30000000 000 11011000
00000000 00 1100000 noch 0000000010000000 0000 000 anderen 00003000,

11, 185, 181 ; - 0000 0000 11001100οΝ 00 001013001οο0 00001110 000
00001000 00003000000000 0000 00 00000000, 010, 01000000 0101 0001· 00110010
00000000010, 00001000 010 11011000 300100000 1110 (22 Febr. 1418), 1, 283, 286;
- 00 0000000000011100000 30000000 000 00 00 101101 1420 10 11000001 000-
0011000 11011000 1100000, 0000 1000000 000 000 0031010001, 000 00 00011130
0013000000 10003, Ι, 300, 801; ΠΙ, 10, 62, 108-111; - 00 0031010001 000
1111001 000101 1100 10300 00 0000000000010100103 000 30000000 000 110110010

1401000 00 00 000000 000000000100 11011000, 010 0000 00001000οο0 00 000
10001011000000 00000111 011300000100 0000 (1 000. 1429-24 110001 1430),
, [1, 281, 282]; ΙΙΙ,16-80;- 0001100103 000 000103 Ρο11100000 3000300010,
0000001)Ι 00 0000000000011100103 000 00 30000000 00010 110001 000000000
11011000 010113 000001 0001110000 (24 Μο0011180), [1, 281, 282], 315-818ς -
00000000000111001030103 niet 3000010000 10 Βο0300 (1480), Ι, 811; - 00
0031010001 000 101000110000001 zieh 10300 00 0000000000011100103, 0000 000
Kamerljksehen 0100011οο 100 00 000 100010110υο Simon de Lende nitgesproken
0010000000 00 30000000 000 00 010 10110010 3001000001000000 00 Mons
(1430), Ι, 818; - 0000000000011100103 000 00 30000000 000 000000000100
0100001000011101000100 (9 Mei 1460), Ι, 851, 851; 111, 00, 01 ; - 00 30000000
000 1100100110 00001000, 10 0000001 010 1110100010 00000000, 010100000000-
000010000, 100 wille 000 00 privileges der 0100 (00 9 1101 1460), 1113 {ne-933 -
ophefflng door 000103 Ρο11100000 0000300010000 1101 000103 301030 00
00 30000000 000 Jacob 00 (1001111101, 00001010 1101100 00000000010, 000000
10 11]·00 000 00001010 (231001 1460), Ι, 305868) - 0000000000011100103 000
30000000 000 000000000100 010000100οο 1101000100 (1 J uli 1460), 1, 368, 81ος
- 00 30000000 000000 00000000001101100 Ρ10100 du 00010010 10 0100001
100 0010 000 000 00001000000000001010000, 10300 00 00000000 000 00 0100
10 (22 001. 1460), 1, 318, 884; - 00 10031010001 000 0100001 000000000011
0101 1101 Ρο01001001000 Parljn 0000 1101 000000000001110000 000 00 30000000
00010 1460-1461 0000000001001101000100 (ll 001. 1461), ΙΙΙ, 115ς -het 000010
000 000000001011103, 0000 001Ρο01010001 nitgesproken 10300 00 00001000 000
0100011100οο 1101000100, 0000011 00 100033ον0 000 0000000000011100000 3οο-
deren (8110014601111, 111·118; - 00 3000000000 000 1111001, 10 naam der
00010310 000 Βο00300010, 0011001, 00100 30000000 000 10 1420 10 1111001
0000000001οο 11011000 0101 werden 000000000001110000 (00 Febr. 1411), Ι, 315·
316; 111, 121·122; - 10 st. 0010000 worden 00 30000000 000 00000 10030-
10300000101100000 010000, 0101103000100000 0010001010οη 00010001011000
00000 ο11101001000100000003, 010 0001 0003000 11011001] 000001300, 0000
000 00010301111100 procureur 000300103οο (0000 11 8001. 1484), ΙΙΙ, 18ος -
100033ον0 000 00 30000000 000 010000100οο 1101000100 01) 000010 000 001
, Ρο01001001000 Parus (20 Μο1 1401), 1, enus& 11, ³923 - 10 Βο00001000-
000000 00 00301000130 10000000 0013000 000000 000000 (0. 1405),11, 181,
2853 - 0000000000011100103 000 30000000 000 11001000 000 111100001010
’0 0000000030 00000000 (14 Dee. 1512). Ι, 502.

10000000ίο3 (00000100) 000 1011000000 0011011100 : 000 1101 1101100οο11 00010
(000101103 000 00 11. 0000111 (1), 11, 6461) 000 11000300000110 0031101100-

 

