MALINES ·— MARGARETHA BRISELAME 319

1011001. zie 1100000011.
Ιι)10110(110100). Ζ10 Ρ1011111 1110010111.

11111001 0110800100.Βο100010110010 11001111 1001110110 00 10001100 spren-
ger 10100 0000 0010110010 acte opmaken over 10300110011113 1001 000130

010100000οο 101· 301301001ᾱο 1100011011 100 Keulen 000 100001130100111
(19 Mei 1481), ΙΙΙ, 144148.

11110110(101100001). 110 110· 1111101010.
11010110 [10001 1101100101] (catherine). Ζ10 (1110111111 1110111100.

1111111101, 00111, 0001100301 100 1100101101 1000110110, 110111 10 1100100
door den 00110010001100 30100300 3011011100 (0. 18 Mei 1112), 1, 15,11.

1110101001, 001 30000011 11011111 00 1000110001 (010 110 11001100) (1151),
Ι, 35301 - 10 1100010100 (1102), 1, 31-38; - 10 01100111 00 10 1100010100
(1182-1183), 1, 43.

111011 (1111111001). 110 1101101110 11111011.
munem (110). zie 1111 1110110110.

110101. 11001 Ferre 100 0011000 011001 010 11011000 10111001 (20 Aug.
14111111, 111-112; -10 vrouw 100 Nohl Ferre. door het 30100111 10001

pluat: 011 110110010 0003011001εο 00 10110131, 0011010011 1001 11111Ρο110-
01001 100 Ρο1111, 10111001 vrijspreekt (00 21 Aug. 1400), 111, 111, 112.

111001 1101001, 10110110 ’1 11101001 1100101111 (1), 1100101101 earlier zljn
0011001 30011 (100123 1101. 1412), 438430.

Hm 01000001, 0011100101) 0000 1110011100 10011010101001010 bevoorrecht,
00 110100 11030 10 3000101111011110113 venet 0111011001, 10 1101100101·
rljk Frankrijk 0101 000300001οο 110111 (1482), 111, 121, 121,133; - door 10
101010101001010 1011 Doornik 111) 1000101100 1100000 1001001001οτ Le (10011
100 1001100001 01301001131 (vasten 100 1482), 111, 121, 128; - 10 procu·
1001· 100 1001030 11) 1101 1011001001 100 101110 0110111, 10110 101010101001010
100 11001011 110 bul produceeren (18 Nov. 1482),111, 1293 - 1010101101·
00001010100 11001011 0110011011,101110 bul 1111101 1001011111 1111101131
0101001100101111 was 1011110011 00 1101100000 10 1001100 10110 (1 00 21110011

1100), 111, 100, 100, 100.
1110101111 10 101011 (van Zouueeuw) (lohannes). 1101111 1110000110 0111011010.

1010010110, 0101010100 1101Βο31101101 St. catharina 10 10101, 10101011 10·
10 101100000000000000111111110110110010 10 30010100, 110 100 111 303110-
1011101100 1011100011 (1 sept. 1311), 111, 111-102.

1103010110(Μο101101), 1101111 100100 Ram, 1103000 haar niet 101 1011
3000 1001 100 0103101001 100 utrecht 101101001110011103101001101100(1423),
m, Ἡ.

1013010111 3110011010 301011 ln 1110001010ἰὺ10, 1101110 110011 10 11100111, 010
1011011010010000101011101100000 0003011001οῃ 00 10110131 (00011101 1400),
1, 350; - 100110 3010010100111010 10100110011 00 10 Δ11001110101001(11011
14110), 1, 308312ς - door 1101 Ρο11010001 100 Ρο11101011010 001 1101110111
(w Mei 1401), 1, 402483, 11, 302.

 

