HUBREGHT (MEESTER) - HUGONIS (ANDREAS) 331

001 0010001 100 000 1100010111οο0 00100 0011101 00001101000, 0001 00100
11010110011030 (1459), 1, 343-343ς - 0001, 010 1000101001 100 0010110001Ι
Lunx, 000 000011001 103001011010 10 10010000100010100 100101100οο Ἴ
101000001103, 1100110 00 00000 00110300 10011031 (0. 15-171011 1411), Ι,
⁴⁴³3 11. 368-363; -0001000 30001001 10001 0100 101 103001 100 001
Κο110011010111000101100 Luik 0003001010, 11013011 011 hem 10 01100000,
'wop 00 01000000 100 0011 00001101 100 3001οο0 0000 01101 10300 001
1100100000130 11000101 0010010131 (4 0011 1413), 111, 118-130.

10011011 (1001101). 110 11001011 10001101.

unm (10000001 00). 110110 1111 nnuma.
1101013111οι (nomer 1101110 1100000 110 nummum.

0030 01 00001101, 01000000 100 010000001010103001, 010110131110001100,
001110101οη (10101 01000000) 100 101000013, 10 1100110011 100 1011010
(1001 101101. 1016), 1, 10, 11, 13-13 3 ·- Ηο001100, 01000οο0 100 101000013,
110101 00010000 Gregorius vn 01103000 0003000000 1100 10010001 te
10110001100101300 (36 1100111080), 1, 13-13; ΙΙ, 391.

11001 (uuum) 0101011 (nmen, 10011, 0013 01 0001013), 301010 Parmam,
barbier, 10 0110001 0001 1Ἀοοό 00 000 00 sens als Waldens 10111111,

000300000οη 00 10000 010000000010100 101101 0030010100 (01000 1409 01
00310 1480), Ι, 346, 341; - 00100001, mm 110101 0001010000, Ι, 318, 8830
- 110101, 100000 100 proces, 1110011 01001 30000130, maur 01011 001100000,
01000101 00300 30101300 hem 000000101300 (14 0038001. 1460), Ι, 318,
883, 463, 407 ; - 00 0101100 100 100 300103 worden 0001 000 001103 10
13101101 30100000, 01010 0001 00001100100 (1001 13 001. 1460), 1, 318, ³70-
38ος - 0001 000 inquisitam· 10 001 00000001 00010011 00 101 11110113 10100
3010030000ορ op water 00 01000 10100100010 (33 001. 1460), Ι, 313, 380,
383, 388, 4ος - 110101 op 00101 100 000 01100οο0 100 0110001 000 00011101, ⁴
010 10 1101001101, 10 1100010 3001010 (1011 00 33 Febr. 1461), 0330391,
463, 401-438; - 1100311000 10001010 00 000 10 0110001 10103301001000
01000000 000 (0. l Nov. 1461), Ι, 395, 806; - 0003110οθ 10001010 1001 001
Ρο11001001100 Parus (0 000. 1463), Ι, 396301, 463, 468; - 001 3011001001
0010011 10300 1000 10001011000100010100 00100101011103 011, 11001000 0010
1100 0011101100 (6 1101. 1469), 111, 116-118 ; - door 001 Ρο11010001 10 1000
001 00111010 (30 1101 1491), Ι, 463483ς ΙΙ, 303.

num (101) 01 lannoy, 110001, 0001100 Saintes, 31010101 3001010001100
00 010000 00 1000011000 110001, 11011001 00 0100100, 0011 001 000103 op,
door 10000 (00010001100001 301030 op 00 30000100 100 00 op 10 1101 1430
10 Domi 1010100οο 1011010, 111, 60, 63, 109111.

53110111Ψο) 00 101111, 01000000-1011103000 100 11001010000010011101)
00 0101111οΒ01300 Simon de 11011 00 10 1100100 (1398), 1, 358.

Eum) (1100) 11010010, 1000000 100 110001, 100100 0100 1101110001 00 00
10100010100103100 000 101101 00010110 (1318110011 1419), 111, 87, 83.

1113010 (10010110 0100110 11000.

 

