1111111111111 DER STUKKEN 217

1111111111.
1111113111 (111 1111111111 (1111111111 111 111 1111111111·
1111111111) ................. 1.³11
1111111111 11, noma. Bemdalagingen 111111 1111111111 over
1111111111111111111 (111 11 aquata) .......... 11309
1130, 1111110110, vom. Uittreknels 11111 1111111111 over 11
1111111 111 111111111111111 Willem Du Bos 11 0111111 11
1111111111(1111111111) .............. 11, 310
1111111111111 0111111. 0111111111 111111111111131111101111111
1111111111111 11111111111111111111111111111111 111 111111·
geta! mannen 11 1101111 111 11 1111111111 111 1111111 11
Orchia (1111115011) ...............
’1 1430, 1111111,111111.111111111 1111113 11111111 111 3011311111
111111101111111111111111 11 1111111111 11111111101111
111 111111, 01111111 01111111, 111 het graataehap 11101111
111 11111111111111 11111131111, 11111 111 11111111 11111-
111111111 11111 111111111111Η1111111111111111111 1111111111
11 0111111111,111100111111111111111 11111 werden plichtig
1111111111, 111111 1111111111 11 111 11 inquisitam 11111·
11111(011111 pour) ................ ,
1430, Mam 1611 10, 1111111. 1111111111] 111 111 1111111311111111111
1111111111 0111111111 11 11111 1111111 over 111111 bepre·

1111111100111111111111111811111(1111111111 ..... 2
1410, 11111114, 1111111. 1111111111 111 111 1111111 Philips van Bour-

1011111111111 11111111 11111111 1111111111 111 11 1110111,
11111111111100111111111111111111111111111111111111111
1101111111 1111111111 111 1111 1111111 11 11 1111111111 111
1111111113 1111111111 11 111111111111111111 111 30111111

111 11111 1111111111 1111111 (comme reverend 1111) . . .< . Ι, 315
1111011111 11-1411,11111111,1111. Rekening over 111 111111
1311111111111111111111111111111111111111111111111111

11111111 101111 1111111111 worden (111 quam) ..... 111, 71
1410, 71111111. 111111111113 111 111 valenennsehen rechtsgeleerde
111 (10111111 (16⁴0 1111111111111111 1111 1111111113 111 het
vonnis tegen 1111 1111111111 11011 11111111 111 1111311,
1111111, 1111111111 111 1111111111. 11 111 1111111111811111

11111111 uitgenproken (01111 coum 11111111) ....... Ι, 318
D 1417-1431, 1111111 m mtreken. 11111111111311111111111111111111
1111111111(ηά1111111111111111 van 1111111, 111 1111 1111111

11111111 111 0111111011101111111111111111(1111111111) . Ι, 311
1431, Apa 22, 111111. Bul van Eugenius 111 111 1111111111 10111111
over 11111 berouwhebbenden 111111, 111 11 11111111, 111 1111

11111111 01111111 (1111111111ῑί1) ........... 111, 80
1431, Mei 11111111. Bul 111 1111 Eugenius 1v 11111111011111111111-
111111111111111111111111111111111111111101111111111,
3111111111111111111111111111111111111111111111,11111)11
111 11 0111111111111 11 devrljwillige 111111 111 1111111
111111111111111111111 tegen 11 inquisitam 11 11 111111

15

 

