KAMPEN - KAREL IV 357

1110101001113 0110101010130010101111311 001 11000101 (12 Juni 1411), 1,
11731ος - 00001 101101, 101101(101 30011111), 01101 3010130101 01001
'er 1061 101 300010111 101 1010011 (1011427), 11111 - 10 3101010010
11101110000010010 1010111101 1011001110 0010100101 (142311, 30ος
-0011011010 11010, 101 10101011, 110 10 1101110111 01101 1011011113
101 1011011 301011011 1100 01 1101 1061101 011001 101 1001110000 1011113,
10111100111000101 00101 10111111011001311101 (10 Laude 010 1011010011
10100110011,1001111 110111 niet 10310101 01 1010 30010101 worden ver·
1001-1101110011 (1030), 1, 3183 ν 30111011 Ρο1011 101 301301 01001 1103010
10110111 01 301000101113 1661 1013000101111101011001 1010011(160121 1101
lm), 1. 8253 - 10 101101 Jacob Aearin 101 01000000-110110-110110 10111
10 1101101111 1001101 11000101 101 101 3011301110 01 101 1110100001 ,101
10 1111010 10100110011 101 0010 10110111113 0110010110 311111, 11101000
3010130100101 op water 01 1100101 011010100101001113(31011 1101),
Ι, 33)·301-001111, 101 110111, 1103010 10110111 01013013101101101101
1001101300010111101 011001 10100110011 1010010 10110111113 01 101
110301 101 001 11010 op 011 11001,11001100110010101101101 101101101-
11011 (0. 1111 140011, 356-357; - 110110 301001101111011100101101 101
11000100 10001 0101, 110111 01 1001 101 300010111 10110110131 1103010 11100
1011001100011100101,1001101ι 10 10101011 3011101111, 01 11001110,10101
00 1001 101 10101 011110 0011101 1011010011 1101101 10101101, op 10101
101 10 110011000130101001 101 Κο100111 01011001 10 10101011 1011001101
(a Aug. 1403 01 10100),1,308-400; - 001 1111011100101 1101111 01 001
10110011 00110001 (4 April 1400), 1, 412·413; ΙΙ, 301, 01 10100111010101-
1001, Ι, 4104331 - 10 10101 011110 001110110011101 101101101301 101
10 10100101, 110 011001 0010111010010011 hebben 0130101101 (106123 Nov.
1472),1,427-428; - ,1010110 Ρο11010, 001010001010 110001οη0001 101 Le
0100101,1101111001 Κο110111 3010011, 11 101 110010110111 101 01101-

00011,10110111101 10110101010130 3010130100101 10100110011 (23 Sept.
1431),Ι,183480; ΙΙ, 302.

1011101111 10 10011111οἰ1 01011001. De 001110011010 0113101111 3011110-
lomaeus (013011101110) 1101111 011001 1110 1011010010 0011100101, 11001011
111 1001 00001 (110010, Κο111011) 01 anderen 110111 1011013101 1001 het
1100101101111011011011001113 10100110011,1011111 0010110101 101 11011-
101 1011001101 01101011. 1300),Ι,130-149; - 011001 110011 10 101101-
00101001100010100111011(0. 1380), Ῑ, 243.

10001 w, 101001, 1031101131 1011101110 01 1010011001 01 10 3000101110
01 1000111110 0101101011010010010101101 10 303301101, 3031101,
010. 10 101101301 (9 1111 1300),Ι,000110; 510011131 0010 1101 uit 0101

, 1011011013011011011010010 3033011οη 01 3031101 100110111110110110
11 10 00110010 101101 (10 ,Iuni 13ω), Ι, 210314; - 30011 001101111101·
10110 Walter Kerling 01 10101111 10 001130 01101110111301 0101101 uit·
100101101 10 1011010010 00111101 11 10 10110100] (171111 130011, 214-2173
- 10011131 0010 101 uit over 1013011011 der 101101111011100110 30010101
101 303301101 01 3031101 11 10 00110010 101101 (171011 130011, 218-
221; 11, 8913 -1110 10301113 101 101 3011011101 10 1011001110111100110
300101011001011010010 1103301101 01 1103110111 10 01110010 101101 110111

 

