GILLIS (20th - GILLIS MERSAULT 367

23 1161. 1472),1,432433;-36614166 6611661 6161 66666 61611161 166
41166 161166616 6461116366 (166123 1161. 1472), 1, 433·434; - 36614 166 661-
1661 6161 66666 1161661164 166 664 616166 ’1416664 116 41166 1611166646
6616166666 36666166 661 (166123 Ν61.1472),1,434·436; - 166 16 1166646,
16666611 46 1111661, 116634 666 zijn 6611661 6161 666 16116664 6616666 1661
66666 6161616166161 46 1111661 3661611114 (166123 Nov. 1472), 1, 436437; -
666641661141611663166 166 16 1166646 666666 166 1166616666 1616161-
6166161 (1661 23 1161. 1472), 1, 4374346 - 36614 1116 6611661 6161 16
1644611166 166 1161666 061664 (1661 23 1161. 1472), 1, 438439( - 36614 6116
6611661 over den 164461 116441666 1611616666 (166123 1161. 1472), 1, 4393
- 6641166114 166 1666161466, 116 hem 361661616631 661 61616666 11166416
1661616116416 16 664 36161 166 66666 166461661 161 66631 616116 (1661
23 1161. 1472), 1, 4394403 - 36614 zljn oordeel over 6666 161166646 64611163
166 1116 61166461· 666366616 16 616664 (1661 23 1161. 1472), Ι, 446441( -
36614 zljn 6611661 6161 664 36161 166 66666 6616666, 116161361416163-
66’6 161 11611 66161 6616 46 66616166 (166123 1161. 1472), Ι, 441-443.

eil& 16116, 6664661 161 16661 166 0. L. 11661166 166 16161 46 Β166661,
161614 666 3646366614 61 666 166 Doornikschen 61166461 11166611 66

01666664616166416161663611 166 16 1161616614, 11661466 1616 11636116 1644611)
1666116611 1166 (22 Aug. 1417), 11, 293.

311116 166 1661161 61 116 16616611 (16616661), 1666666413 16 1161666 6661)
Ι)611661,ΠῙ,61; - 66 6666 3666166 1644616666 6666616664 1661 166
61631641664166 Domi 66636666166 (26 116614 1420), 1661 166 61666666
166 44166114 1661 664 3666461111 6616116611 6636616664 66 666 61436161611,
1661 166 61666666 66 166 1666161466 6616116664 66 616 6616616666661
16416116166116611 464 1616616636 6661614163 66 116461 en 61661664161-
666111611161163 166 1666 36616166 66 16161661163 166 1116 1164461666 6661,
46 1116664 1661 den 61666666 66616614 66 16 166 66666666616166 161161
611661 6636616466 (9 Μ61 1420), 111, 5662.

emi· (16) 11616666, 61166664 46 Β666666666, 66664 1661 666 16 1611613163
463616116166166 166 1416664 (61616 1459-6. 166. 1461), 1, 363, 356, 374,
376, 377, 386, 387, 338; - 16114166111666 3666664 6661 11611661 46 161-
1161666(6.11161. 1461),1,396-326; - 116114 1661 11636 116611 1661 het
Ρ61166664 3616631 (6 166. 1462), 1, 396, 397 ; - 1661 1164 Ρ61166664 464
666616161366116316166116611 (29 Mei 1491), Ι, 462483.

6163(66111)(16)66616111,11616113 46 Graiu Noury‚ 6661) 11611661, 66
6666 3666166 1641616666 6666616664 611661 1661 166 6631641664166 11611661
66636666166 (26 116614 1426), 1661 166 61666666 166 11416664 1661 664
3666461111 6611611661 6636616664 66 666 61436161611, 1661 166 61666666 en
166 6661614661 6616116664 66 616 6611661113 164461 16166116611, 46 6416664
1661 166 61666666 66616614 (9 Mei 1420), 6661 11611661 616136616664, 1661
166 1666614661Ρ164611116616611661 66366616 66616614 66 166166 16161661
(10 Mei 1420), ΙΙΙ, 59-62, 103-110; - zljne 36616166 616416166611161116611,
ΠΙ, 62, 103-111.

6161111616, mum) 1161111614, 36116666 11611166 161616 6461611116 66646-
66616 1611661611, 111, 63; - 16 6631641664 166 11661611 66416634161166·

 

