316 JAN TANNOY - JAN TINCTORIS

1611766116] 01 ’116666 61 661 Invito, gezeid l’Abbe' 66 666116 6666111166
parvi 66666), 66111666 66 6666611166 16 1166611 6666 66 116166666611611661
66 Vaux 16 1663666 66 1166166116 06661666 16 1166611 616166 666611161136
6663661616, 66666116 Abbeville 66636166666 66 naar 1166611 6666361661)
(25 Febr. 1460), 1, 346, 347; -’- is door Ν661 Ferre, 16 1166166 6161761666
66666136, op vergaderplaatsen 666 1061666666 366166 3666661 (1460), ΙΙΙ,
ΙΙΙ, 1123 - wordt door het 3666161111 161 66 666 1666161666 6666666611,
66166611 6161 66 1663 61 16 6611666. 666661 6161161616 3611116136, 6661166166·
16616666 66 6661616616 medeplichtigen. Ι, 346, 347, ³69, 371, 381ς1Η,00,
00, 108; - (111116 (1661166 66 Gregorius Ν16611636666166 6666661 over 61166
16116611 (6666 0 Μ61 1460), Ι, 348·350; - 66661 6666 66 3616616661166
66666666616 661 666166666661166163 666 61166 36666666 (0116114601111,
80-91; - 16 1166611 1611666111 66 66616666 (9 Μ61 1160),Ι,361,351,311
351, 355; - (1666 161 Ρ661666661666 Parijs in 61166 666 16661616 (20 Mei
1101), 1, 462-483; ΙΙ, 302.

,166 7661, 66661616611136 161166 666 Τ66666163. Η66163 Ρ111116666 Bour·
366616 1666611 61166 6661666163 (ll Maart 1430), Ι, 313.

166 16611666, vicaria der st. Lebuinuskerk 16 06666166, 3611113616 6666
661616 06666166 6666 66 116661661611116 36661666163 666 66 1666666116
666 Β6ο66666 66 1661666 666 161 36666666 16666 (16 663. 1401), 11, 101.

166 1661166166, schepen van Devonter, 66661 1616666 0666166661666
66 66666666 666 161366666616666 op 66 666661 6666636 door het 6611
616116666666116 666 pam der bollarden genoemd (666666 661334),111,46,11.

166 7116616611 (71161661116666611,616661636666661 666 666 1166616166

66161661 666 1166611, helpt 66 66 Waldenzen 666661366(6166614606616311
1160), 1, 317ς -16366116161666166 666666 6166616666, 666 1666161166 en
den 66666661 1111116 66 11166663 6666 Β666661 111 666 166163, 666 vienni]
instructies 1611366 (11 Aug. 1460), Ι, 376, 377378; - 666661 6666 paus
Pius II met 66 6666613163 666 Waldenzen 361661(6.163.-861)1 1460), 1,
316-377, 373; -661616666 Parijs (17 Febr. 1461), 6666 111 6666 6661661
666 36666661 6666 161 Ρ661666661 werd 3666636 (25 Febr. 1461166166
66666161166 6616 16663, 66666 161131 666 666 1166166 666 6166611, 616 :ich
16 Rome 1661661, 1661 161 1666116166611163 666 11636 11616661, 30103
- 666661 661 6666 Η63ο Aimery 6666 161 Ρ661666613666636(6166. 14611
Ι, 607; - 6666 161 Ρ661666661 161 6616666663666163 66666666616 (w 11θὶ
1101), Ι, 162-483; 11, 302.

166 11616616 (16166166), 666166 16 66 36636166661616, 16666611111
Doornik‚ 66161111 6666 666166661163 6666 66 66616 666 1761666666 (611111
1160), Ι, 357-310, 360-361; - 66161111 1666 1616666 666 (111116 earlier 0111
6666 6666616116 61611163 6663661166 11661666 St. 166 666 Evangelist·be
1166666111 66 16 1166661 361666111 (1466), Ι, 413416; - 6666 666 6611661111
366666116636 6666 666 66666611 6661666616 1111161 3616661116666131161.
147211, 431; - 166116 Β66336 6666 11666616 6666661163 6661166 6111

ἷ1116ἓ66911ἐ71ῗ60 geschreven 666166661163 16366 de 66616 666 176166666661101(
, · .

 

