480 UUTENHOVE - VALENCIJ N

1141441 (4. 1310), 1, 248, 140, 250; - 44 1141414 141 141 gemaene 14141
414441 4441 441 inquisitam· Jacob 141 84441 1414111141 (4. 13111114), 11,
153-155; - 44 11111411411111114 8414141414 14114131 44 1141414 414411
(4.1394),Ι,,251-252; Π, 181184) - 1114141414 1444, 44141 441 St„ 8111141414
1411 414441, 34411 tegen 441 inquisitam· 441 gunatig oordeel 4141 44
11444414 41 1141414 (41144 13011), ΙΙ, 1501011 - 14114414411111 141 1114-
141414 1444141 111414 4411141414 4134111141 14341 44 4411144141 41
441111141 14144141 14141 11141441, 144144111111111441 1141111411(41444
13111111, 161-100; - 44 4144111441 Matthaeus 11141411, 4441 141 44414111
1414144411111414144144414 1141414 anna 441114411 14841 44 31444414 41
1141414 141 het gemaene 14141, gaat 1441 141 Algemeen concilia 11 141444
. (1417), ΙΙ,111-220;- 114441111144411444441 1143414 godalaateriag opaea
144441 14114413441414 41 1441 1111 1441 gabannen (1426), Ι, 114-301 - 141·
44141441 44144141 1143414 111 1141 141 1411 gaan 1441 441 magistrat 141
verantwoording geroepen (1411), ΙΙΙ, ⁷⁴3 — 1141 11411141, 414 1141841441
141 1411 14 gaan 41 voortvluchtig aijn, 1441 11)( 1441 gabannen (141111,
306; - 44 magistraat bepaalt 4414 14414 1441 14441, 414 1141 1141411114 141
herka gaat (11 April 1418), 111, ’13) - 44 4144 44144114141 1141111411
414441 4441 441 14814114411143414 godalastering en heiligschennia‚ 14144
11441 41 eeuwigdurende ballingaahap 14144144414 (1442), ΙΙΙ, aaa& -
(1141411 1141114141 4144414441 441 1441411441 1143414 41414141 41 141111-
44141114 141 4411134114144 141111844144 14144144414 (1444), ΙΙΙ, 83; - 44
1431411441 14114411 441 11444141, 441 hij 441 4144111441 14111141 141
1141111114414441 441 11411411411 41 441 41141441141 laten 4411141441 41
41441144141, 144414 hij 1411 4441 141 114144114111.(114 4441 34448441
1144111441 op 1411414414 111114 ward verpleegd (23 Febr. 1418), 1. 447441)
11,301; - (14 1144111441 Thomas 141 1)414144111,141 14111444141 4141
4144, 4413441414 141 inquisitam- in 141 1144411 11114411 (13 041. 1484), ΠΙ,
1403 - 441144111441141 (141 0144411),141 141 11444141 4141 stad, 141
11411411411 4413441414 (13 041. 1484), ΙΙΙ, 14ος -141 141011114141,11141
141 141 41441114414111444141 4141 4144, 14 inquisitam· (1405), 1, 411ος - 44
1144111441 1141141 14114411 4111114 1411414414 4411144141 (1510), Ι,401;
- Elisabeth Ρ4141441. gedurende 11441 441 44111141 114141 414441 gevangan
41 4441 44 341441414411441414 111344414141 (111 April 1513), Ι, 504.

1111411414 (141). 114111 1111111411.

V

144 (14141144 341414). 114111 gezeid 144.
1441141114 (1111411441 141). 114 (1411411111 111 1111111114.
1414414. 1141111411111.

1411441144. 114 1111141111.

1414141)1(141444144111),11 het graatschap Henegouwen. Boudewljn. 441441
141 441 141141114141 Malkasin, 1114111 naar 414 atad. 11441 114141 4144134·
houden (1235), ΙΙ, 41-42, 43, - 11444144 (1111144 141 1141141111 († 1305) 1441

 

