TANNOR - TEMPELRIDDERS 421

(1112), Ι, 11, 16( - 11111 11111111 1111113111 11111111 hem 111113111111,
1, 16, 21 ; - 11111 11111111111311111, Ι, 11271- 111111 11 111111 met
11111 11111 1111113111 1111111 1111111111111 11111113111131131111111,
1111111111111111111 11111131111 111 0111111111 11111111 (1118 Mei
1112), Ι, 15·18; - 11111 11131111311 11 11110112), 1,1ο; -11111131 111
1111 1111111 3111111111 1111113111, 11111111 1111111111 11 11 1111111111
11 1111111111111 111 11 11111111111 11111113 (11311 111 121· 11111),
11, 3, 4, 5, 61 - 11111 1111111311 11 1111111111 11 11 8111111, 1111111
11 1111111111 111 111111 1111 (1115), Ι, 21231 ·- 11 1111131 1111111111
11111111 1111111111 11 11 Β1111111111111131111311 11 11111111 (111111

hem der 121· 11111), Ι, 35, 27; - 111111 11111 11131111311 11 Κ11111 111-
brand (2 115113. 1163), Ι, 40, 41.

1111111111111111) (11111). 111111 Τ11111.
1111911111). Zie ,111 Tm.

11111111111111,111 11111111 bij 11111111, ΙΙΙ, 61; 11 1111 31111111 111111-
1111 1111111111 1111 111 1113111111 111 11111111 11131111111 (25111111
1420), 1111 1113111111111 1111111111 111 111 11111111 111 1111111 11131-
11111111 1111 11111 en den inquisiteur 11111111111111111111111111
11111111 1111 1111111113 11 water en 111111111111111111 11111111111113
1111111 1111111111 1111, 11 1111111 1111 111 1111111111 1111111111 1111
111 1111111111 111111111 (9 11 10 Μ11 1120), Ι, 290302( ΙΙΙ, 5162.

Tuum 11 1111111, 1111 11111111111, te 1111111 1113111 311111111113 111

1111 51211113311113111111113 11 111111 11 11111 11111111111(63111 1193),
ΙΙΙ, 1 1 .

1111111·11(11111111 111111). Zie 1111111 111111 11111111.

111111111111(1111 111). Ρ111111 1v 11 8111111, 1111113111 1111111111,
111111111111111, 31111 111 1111111111, 111111 11111111 11111111 111 111
11111111111111111· 111 111111111111311 11 11111 hem als leenheer op
(26 Μ1111131Π),11,11-53; - de Fransehe 11111311111131 11111 1111111
1111111111111113 111 111111311311 11311 11 1111 (1411 20 Sept. 1307),
ΙΙ, 12-53, 54563 - de pausenjke inquisiteur Willem van Parijs 11111131
111 11111 111, 1111111 11111111111111 11111111111111 31111111311111111
op te 111111 11 het 111111111 111Τ1111111111111 (22 Sept. 1307), ΙΙ, 53,
56-11; - 11 1111111 111111 1111 1111111111 acte 113111111 111111111111-
1113 111 111111311311 11311 11 1111 (11 011. 1301), ΙΙ, 125ος - 111 ΙΙ,
111113 111 Β111111, 111111 111 111113 Ρ111111 111 8111111, 111111 11
Τ111111111111111 11111 31111111 1111111111 1111111111 1111111 11111111-
311 11111111 (291111. 1301), ΙῙ,19-60; - 1111 1111111111111111113113
111111 Τ111111111 Bar, 11111-11111111 111 11111, 1111 1111111111 1111113
113111111111113Ρ1111111 111 8111111 111 (30111. 1308), 11, 60, 336; -
11111111311311 111 31111311 111111111111,1111111111111111“11 1111111111·
1111 Tempelridders, door 11111111111111 11 Ρ11111(23 1111. 13001111111),
ΙΙ, 60-63; - 11 1111111111111 111 1111111 111131 111 111 11111111 111
81111111 11 111111111113 11 31111111 10 113. 1311,111111111111111-
11111111 11111111 11311 11 1111 (231111 1311),ΙΙ, 65661 - 11 Τ1111111111111
1111111 11111111 0111111111 111 1111111 (1111111111 (12 113. 1311), Ι, 161·

 

