311 HENDRIK LODER - HENDRIK WILDE

166161116166, prior 16 1666166663611) 1166611666, 66166631 1666166
666166 666 161 3661661616 16 16666166 666 6111661661 666 16 66616616163
door den predikheer Grabow heimeujk tegen 16116661666661661666 666
1613666666 16666 66366161116161 6666 1166616366 66 1661631 666 (166166

16161661661661, 161 161 61616 1666 hem 3666166666 werd, wmop 111 16666
6016161 3666161116 161 van 11166611 1661 16366 (1417), 11, 227, 228.

11661611 116616, 3666161116, 3616136 16 6666 6616616616 6616, 6636666611 16
1161661616 bu Zwolle, over de 6661136166613161166616Β6ο61666 666
161366666616666 (19 Μ6661 1395), 11, 156, 157, 158.

11661611 1161361666. 1166 11666166631 werdt, 6663666 haar niet 166 11661
3666, 6616 166 6631616661666 Utrecht ter 66666166661163 36666366 (1427),
ῙΠ, 74.

1661611 36116 (61 Sollius). 666 11666611616, 666661 66 prior 666 36666661661,
616166616116661666166 Kamerijkschen hisschop 6663661611, (16661 16366
16 overblijtsels 666 Bloemaardine's 66616 16 Β666661,66666 men een schimp·

11611666 hem maakt en hem 66116 161166 16 6161 16 6666 1161661663 166611
16 6666666166 (6. 1410), Ι, 266-267.

1661611 1661166166, 16616 16 16666166, 166611 op als getuige in eene 6616

. aangaande 16 36661666 66 1661666 van het 36666666 16666 (30 April 1401),

6, 66.

11661611 666 116661666116 0666166616366 Matthaeus 066166 166 6666·
16616 166 Β6661666 66 Ζ661666 666 161 36616666 16666 (14181419), Π, 228, 229.

flandri& 666 3611666 (nemim 16 Bitunia), 1666666116 666 166666, 66661131,
met andere 3666161166, 16 Parus een 6661661 611 6666 16 1611666616
363116 611 Η6663666666 11663666116 Ρο6616 (9 Mei 1310),1,155-117; 11,³91.

11661611 666 1616661, 16 1666666166 1666 161 Ηο1 666 1161661661 6663666
3616166166163 66661661661)6666 66 66666 163 36166666 66 611661663
3616661(3116661 1517), 1, 512119.

11661611 [11666 16666111666166 van 1111661116 16111 6666 666616 161
666661666163 166 3666161116 16611 (1145), 66666 16661661 16 116366 op 616-
666611 16 6116 66666666616111666 6666 calixtus 111 (6. um 117), Π, 24, M.

nendsikm 16166 (1666166616 1163666161), 6661111666, 66666613 bij de
1666666163 666 161ρ66111116666611666166 666 1666611663 door 3666661116
16 Francken (2-91611 1502),1Π, 168.

16616111 666 1166661663, aambisschop 666 1166166, 66666616611 16 hetter-
{Jhggffgffitdglgn Apostels 666 161166 116666 (13 Febr. 1301),1, 1101541
1 6 6 “ 0

Hendrik (666) 16666666, 36136166616, 16 Rome door 16 1666666616 Facul-
1611166 16166 66636116631 663666 zljne 1666163 6666 Aristoteles 6611111
1611661166 (1470), Ι, 423.

11661611 wilde, subprior 666 windesheim (bij Zwolle). 6661611131, met 1111
661666 6666666616166 1666616 666 windesheim, 16 36661666 666 het

ῗὲἓῗὲἒο 16666 16366 16 666166116616163 666 16611661) (10 116661 1395111»

 

