66666 66 6666161666 - 66666 666616 66

1160), 1, 361-364; - 666163 Philips van 3666366616 66661611 hem in 61166 666
m 36611666 61166 6663666366 36666666 16663 (1316611460),1,364666.

16666 (16661) 66 6666111666, 66661616661136 1661166 611 661 11166166661166163
16111166 6666611 61166 6666666163 (11 116661 14³⁰), Ι, 313.

16666 66 16166, 66666666 66666666666 666 66666116666 (1666616666, 16
16 1616616666 161116661166116116. 86616111 061. 1346), 11, 38, 161.

16666 66 161666, 6666161666, 6616616 66 6666666666 666 66136661611116661
6 11666616, 6636666661 666 6631616661 61666166 om 6666661 661 16 ver·

16611666, 661166 6661166 6666166616 66 666666616 16166166 166166 1166166166
166666161 werd (3 1166. 1511), Π,191-166, 366.

16666, 366616 66 1166666616, 666 11666611, 1616661111 notaris, 61611 66 6616
op 666 661 3666113666666661666166116666 66 1163116166 666 Β66336, 666666-
6663. 11666666 66 (1661 (11 1161 1318), Ι, 178-1813 11, 361.

16666(6661616) 66 6666666166, 16 Β666661 166 6666 gebracht, 66661611 661
1616616111 66661 666666 recht 6116616666 (1411), 11, 1111.

16666 666 1166666, 66136166666, 6666 6666166661 666 1111661 nopens 16611666
366666116636 (16 1166. 1416), ΙΠ, 14; - 6666 666 6631616661 666 1111661
366666116636 6666 66 666666666666166163 666 36666666 666 666666666
1611666 (61666 1416 6166316 1436), 111, 18. f

16666 66 3166166, professor 666 36636166666 1166611611 van Keulen, 66661
11166 3666166663 666 666 Mallem maleficam} (6666 161161 1461), 111,

146, 141.

16666 66 11161666 (6661116), pauselijke 163661, 16661161 16 6166666666 6666
1661666661 16366 66 6161366666 (66316 666 136· 66666), Ι, 6163.

16666 66 1666666, 16 (1661 6663666 616661 366663, 3666166166163 en 661113-
66666616 1616111113 1666 661116366661 66666666616 (15 Juli 16061111, 156; -
bij 66 1661666161 666 de 6666663666 11663666166 16 (16616636666136, 111, 156.

16666 66 Boiu, doctor 16 66 36636166666616, 1666666116 66 661666 666
0. L. Vrouwenkerk 16 6166661, 6666613166 66 6611666666 66616 666 Wal-
666666 met 66 6666616 66666661136616 (61666. 1456-61061. 146011,
366, made. 351, 356363, 311, 314, 336, 381389; - werdt 16661616613
(6.16611461),Ι,391; - 666661 6666 661 Ρ6616ι6661 666 Ρ66116 6666 666
66666661 666 666 6666666 Β66611661666136666661613611661 1461), Ι, 363; ,‘
666661 6666 11636 Aymery 6666 661Ρ6616666613666636(6 166146111366,
m - 616611 6666166113 (6. Febr. 1461), 1, 392; — door 661 Parlement 161
166666666366616366666666616(16 1161 1461); 1, 462-4833 11, 361.

16666 d'Yppro (666 16166666), 66661166 666 1111661, 6666166616 in een ondenoek
6616616666 16666666 666 61666166 166666666661 (1416), 111, 15.

16666 666616, 666661666666, 6166666666666,6661636666666613166 minder-
›roeders 666 Doornik 611 6616161166 666 hunno 666666666661 66166116111·

161 61666166 in 66 mk 666166 Augen (1 Maart 1483), 111, 131.

 

