mERONYMUs VAN PRAAG - HOOLBEKE (PAUWELS VAN) 319

1114444444 nn 24444. 81414144 van 0114 444 1144444414, 44444444444
444 14144, 14344 41144 4444414444 44 44444 4444444444(1421),111,45-66.

mamm (wilhelmus 14). 11411444( 444( flammant.

1441144144, 1144414444, 1414444441 (1444444 [14]). 114 14444 44411444-
nrum.

11411441 (444444144).1141144, 4441141144144, 44411444 der Lollarden 41
1144141441144,4441114 1144144 44444444 44 44444441(1322),1, 112-113; -
Willem 111, grant van Η41144144 1441441, 44444114 34411444 444 1144114444
44 4111414443 44144 41144 bescl1erming(c. 1024-1444),1, 115; - 400 (14444-
14444 444 14 4444144144 444 1144144441 14 11444411 (14444444 17 44 23 Aug.

1349). [Ι,100,101];11,01,102;- 300 0441444414444 (1444414444 14 114144-
4114(1340),111, 1ος - moer dan 120 (1444414444, 44444141 1444444 44 1141-
1441444, 14 144144 (4. 20 Sept. 1340), 11, 121; - 44444411144 411444 444 14
1411441144 (144 411 0444441441 44444414 Beggarden en Begijnen (1312),1,
225; - 11444441, 44441 444 1141144144 1441441, 4444411 144 1444411444
1141441 844444441141) al de overheden 411444144144 444 (1144140441,
204-205; - 14 1444144444 Willem Β4444141 444411 1444 hertog Philips 444
Bourgondie 444 41 de 444444144 444 11411441 4444444144 (4 Sept. 1421), 1,
112430ος - 14 4441114444 Thomas 444 114414444114441411444, 1414144414-
34444441 411444 441414 11411441 4443441411 (21 Aug. 1490), 111, 150; -
84114144 Wiggemz. 444 11444144 4444444 4414144144144 1444 441 1141 444 1141-
1441 1444441444 411 11411441,144144144141441441 44444444 (21141 1503), 11,
203-204; - (14 4441114444144 Β4414444,4144414-44444441 144 4414 14 Η411441,
141144441144414 441 4141441 0444411 4444441411 (301441 15031111, 155.

nomine· 1414114441144, 1411444444 44414 14 Β444441. 1144 hare 1411444, AEgi-
(1144044144 44 14 34444414444 1444441141 Willem van 11111444144444, 444411
laatstgenoemde door 441 3444141111 441 444 1144144111 44444141 44 141 444-
4444143 44 444141444144 44444414411 (121441 1411), 1, 267-270.

1441144444 (14444444). 11414444 414 1144444414.

longolio. De (1444414444, 14 114114441441 44141444, 44444441144 4144 4444
(111 444441 (4. 14411411 1340), ΠΙ, 20, 33; - 4441444 144444 (1444414444 4444
(14 44144144144(4.1441-1411 1340), Ι, [100], 104ς ΙΙ, 06, 100, 120; - (14
4441114444 44 1444144444 41441444 14444441 444411 (1444 444144 Ρ411144 144
(14414 141144 Roomschen koning 411444 44444144 (1452), 111, 230.

114414 (14444444). 114144 114444.

11444144 111, 4444, 1444441114 44411444444 14 (14 guast der 144144414144
444 (20 14411 1218), 1, 13; - 44144441444 141444 1144144114 11 144 4414114-
441 14 1411444 411 14 444144 (sept. 1210), 1, 101ος - 44444114414444441 14
444114444444 14 (14 guast der 144144414144 444 (8 Dec. 1210),1,73;-
41) tune kroning door (1444444444, 44441131141444114414411Π 4444 4441
14444 14 1411444 411 (22 Nov.1220).1‚ 70-71; - 4444411 44444414 14 444111-
44444414 14 44441144144144414144 444 (411444. 1221), Ι, 73; - 44444411
41144 bul 444 4 Febr. 1221 4444 14 444111444444 (20 114441 1221), Ι, 13.

1444414411(1444444 14). 114 14444 un 114444441444.
1144111414 (14444414 444). 114 2444444 vm 1144444444.

 

