xxx KET'I'ERS EN KETTERIJEN

1451. Jacob Acarin van 01313133-Ν3113-113113 (1313331131),
1133313 133131113 13331 Maria 13 1131131111 31 1311111111
(83131113311311311111,1113 131311 33131331, 3111, 1, 330-
333; ΠΙ, 84.

1451. 113313131111311111 11331333, 11313331313113111 1311113311
131311 13313313133113313131 1131, 1111131 eene 33111333 131
131 133131133113 1111331, 111, 85.

1454. 113331313311111313131131113311 133311 13 33111331313313 11
’1 111131331131, ΙΠ, 85.

, 1455. 113 1131111313 131131 Jan Van der Moero als bigamist‚

13133131113313131 1131131 13 113313131 131 1313113133
3313133113 op water en 11331 1311131311,111, xv.

1456. 11311131 Wesselssoen 13 113111331113331131131131331311331-
1333311133311311,11, 311, 312.

1457. (13313311113313, 131113113 1133111111, 11333113 33131331311113
3311111311, 33113 113311 3331311, 13 1313133113311, oen
1331313313111311 hij 13113111331133113131313113 3313111131,
I, 331.

1457-1458. Nicolaas 333 1113311311, 11133131, 31 133111131111331-
113131, 13 1111311311, 1, 337; 13113 311331 1311131111 311 131
3113113113313133111313133113311, 1, 337340.

1458. 1133311 Van der Eecken‚ 11133131, 1133311 13 Movere,
11313311131131,]33333, Nicasius 31 113333 Van der
0133311, 331311331311311313 13 (13113 1313131313 311331·

1311311111, 1, 337.

1459. 113 1313111111 14113113 31 (13333133 van portugal 13 Rijsel
131113111, I, 3411, 347.

1459. 113 1311131131 Hubert 13333311, 113 1133313 131133113 3131-
1111331 111 331 3311113311 13 1131313111 3311131111 1331 1311
bissohop 131 1113311 13113131 werdt, 1, 342-345.

1459. 11311331 de 13331, 1131311111 111 111313, als 1311313313
113113113113131313313111311, 1, 346, 347.

1459-1460. Aeas, 1131131111 131 13 33313 131 1131131131, 13 Nijvel
op 13 pijnbank 331331 31 111 81313111 33131131, 11, 2115.

14531461. 1311313313 33313131 11311333331311133111311 3111113-
33113 1113313311, 1, 345-397311460-483; 111, 89-113. -
1133113113 61331313, 113113 113111, 13 11311331 131113111;
- 031313 du (133 331331 13311331313133113 Wisse-
mande 331331 Ρ1111133133133, Camerina Fourmette
gezegd 13 11νί333313, Μ313333113 Briselame 331331

 

