ROBINET DE VAUx - RUUSBROEG 411

1611661661666, 1166666161, geboortig 666 1161616666 16 661616, 666661,
1116666161 algemeen 16611161666 666611166666,61611616666 16 langres
66616666 (6. 1 1166. 1419), Ι, 346, 347.

1166661661 (16166666). 1161661166666666.
1166666 (Simon 66). 116 36666 66 1166666.

11661666 1166616, 1616616, 6616616666 161 6666161111 166116 16666116, 16 6616166
16 6666 6616 1616166666 6166116111 666 6161166666 het kettergeding tegen
Nicolaas 36666616668166. 1422), 11, 246.

11661666 66 11661666, 16 (1661666666 6666166166166 6666 6616 1666 66166666
(14 Aug. 1481), 11280.

1166166616 (6166) 6661610666, 1166616, 16 66616 [1666 : 16 0661616, 6666 6666
Ν1661666 V 616 16661611666 16 het 1661616111 1666161116 6666661616 (10 April
= 1453), 1, 334·335; - 16611 616 6166616 16 ’11166666 61666111 666 6666111666
Ρ16166 16 36666666111460), Ι, 368, 369, 616, 16 samenwerking met de 6166-
616666 666 666 116661666,16 6166611166 6666666661163 6116666611666 666
1161666666 (9 Mei 1460), ΙΙΙ, 89-91; - 6666 6666 Pius 11 616 16661611666 16
1166616111 6666661616 (1462), 1, 397-398; - 66666161 6116 6666661 611 16 66 66616
666 Ρ161666611166 16 166666 (281661 1471), Ι, 423.

ammona (Ruremonde). De Begljnen dier 616616 6666 66611, 11666166 666
Luik. vrijgesproken 666 16611661) (1 Μ6661 1325), ΙΙ, 3639.

11666 (166616). 116 116 11666.

1166166, 11666111 666 666 16666 666 36661661, 616 1661166 666 66 66616 666
1161666666 16 6166611 66666166666 (211661 1466), Ι, 367, 363; - 66666
6666 666 6616166616 66111616 6661616 (16 Dee. 1460), 1, 364, 336.

116661116 (ida 66). 116 666 66 11666666.
116166 (16166666). 116 116 Rom.

1166666(66616116666).Ρ666 Alexander 111 666661666 66616116661666 666 161
161611666166 666 11611661) (11661 1170), 1, 4411.

11661616 (hear 666), 16 Brugge 66616666666,666661 6666 666 6661616661 666
1111661 6666666666 161666661 16666 66 666166666661166166 666 66 66666666
66616 66 16666161) 1111661 666666666166 16611666 (29251166. 1129), ΙΙΙ, 76.

noyville (11666161, 1166616166). 116 1666616 6611666666.
16116611 (11661661). 116 11666666 Rumam.

11666661, dorp 11) 1666166166. De 6161 6166661661666666 0666616666 ont·
666666166666661666166 666 666 1661616166 magistrat (1349), 11, 111.

1166666666. 116116666666.

14¹2?ss (6306616), 66661616611166 16116616, 16 111666116666 6111 1666 66166666
( , , .

1161616666 0666166166 16666616, magister in 66 arta 66 1666666166 16 66
666661666616616, 6616166 16 6666 6616 16 1166166 (30 sept. 1409), 11, 191, 396.

numm 61166616661166116166666). 116 166 666 1166666666.

 

