GHEBSELBRUEDEREN - GILLEMANS 305

0010 00000000, 11100 00000 ,1000000 1100010100νο0 1000, 000 0000 Jacob,
010 0010100, 101 00300 1000, 00 00000 0000100 ,1000000 1011000111000, ⁴
10000 0000001, 000000 000 000 11000010, 10110000 (000, ’1000001 11000010
Willem Leucoin (01 100000) 1010011100 1000, 00 000 3000010 00 011110
11001000 10110000010030 0001011103 00 00100 00 00000 (9 0101 1420), 1,
*mh 111, 56·12; - Jacob 00 Β10000100 10 11000011 101 1100 1000000101·
300000000010 (30100. 11270111, 723 - de 1100010000 00300100 000
011010, 01011100 00110300 0000100, 011011 0000011000 te Atrecht 30000300
15-1151), [1, 320); ΙΙΙ, 853 - Jacob Acarin, 000 (1000000000100-110100
00003000001010010 1000 000101110310 001 1001001 000 80110 000000-
110 (8 suli 1151), Ι, 330, 332, -100 Dubos en 0010 00 1100000110 10
0001 010 1001000000 101 10000010030 300003001111103 00000000010 (71011
0), Ι, 308872ς - 10 11100001 worden Hugo Aimery‚ gezeid Patremtm
1010113 1000, 000 ’1000001 101 1100 1000 00 001001, 0000000 30000001,
10000 10003000030000000 00000000010, 010 0000000000 101 00 00010000
0000000(22001. 1460), Ι, 818379, 380-383; - 011110 0001100, door 000
01011000 000 1101000101 300000010030 over 00000 0000110000010000000-
010 0101110300, 0001011 101 0000 0000000001103 101 0000000103 00 boete-
010310 000 100100 (000023 Νον.1472),1,133404; - 000, 3000101101
100 000 110οο1000, 10 300330 10110000010030 300003000111103 00000000010
Febr. 1418), 1, 44441ος - 0000000 Ρο11000 101 10000010030 30000300-
103 00 00 000000 00001000 11000οη0010οε 000 100000000101010010000
1011103 00000000010 (1401), 1, 483, 48048ος - 00 0000-11000100000 Γ100-
110 ’1000100 10 0100001 101000130 00300 30000300011103 00 water 00
00 000000000Ιο (0 8001. 14980111, 152-153; - 0010100 00000010 100000
een 100300003000111103 00 water en 00000 00000000010 (2 April 1502),
03ς - 11010100 000 Rijswijck 10 ’0 0000000030 101 1000000030 30000300-
103 00000000010 (1502), 1, 491; - 0001100 00300 3000030000000 00 water
00000 0000 001 01011001 000 101000 1100100ὓί000 00 00100 110001 0000010
10 00 3000100100000001) 0000 1000000 0000000103 (10 0001 1800), 111, 108.

000011000000000, 11, 115, 134. zie 0000000100.

wackone hyeme). 10 0001003000 300010010οἰ03 0000 1100 1000 30000-
(23 Aug. 1183), ΙΙ, 280.

000001 1100010000.. 300010 11000000, 10 11100001 003000 01010101 00 001113-
00010 1010000130000000 001110300000 00000000010 (1144), ΙΙΙ, 88.

hortu· (0001000001, 30010001) ’100010 01 Thulin, woonachtig 10 1101000110,
61; - 00 0000 30001100 1011000000 0000010001 0000000 0031010001
11000001 000300000οη (25 010001 1120), 0000 000 01000000 000 0100001

0 001 300010Ιῇ1 000000001 0030010001 00 hem 01130100000, 0000000

0000 00 00010001011000 0000010001 00 010 0000001113 101100 000000-

1000000110 010000100οο 000 01000οο0 0000001100 00 01000 0000101111

100 010000 00000000 (0 Mei 1420), ΠΙ, 50-61.

mahen (10000). zie 110 80100000.

1110000 (1000000). 11001000 0000000.
11100000 (1000000). 001001001οΜ0100.

 

