218 ΑΤΒΕΟΗΤ

161 666 161161661661111661611161611 (1112), 1, 451 - 1616 1611616 16116116
66 16111616 61 6661 66116161- 61 1111111661 66 6616 1666 116611 16166
(1182-1183), 1, 47·52; - 1166 Lucius 111 16661 666 11666161) 666161116116161
de 1611616 1616111116 1111661161 6161 (4 116111 1181), Ι, 56-59ς -11111 1166-
centius 111 1616611 66166161161666 16116166166 1116616111 661 16116116
11611166 (10 April 1208), Ι, 63611 -6611666161111661116 Κ61161111 161161·
1166661 bij 161 11661666 11116111 1611616 61661 66 1616111 161 661 inquisi-
1661 1161611 (17 Febr. 1236), ΙΙ, 42-44; -166611111111 de Heilige, koning
van 61661111116161166 111116 1611616661113111 66 6161666161 16666166
(1611611616 166 11166 166 3166661 1161611 16111616 (66 1266), ΠΙ, 1-2; -1116
Gregorius lx geett den 11666161), 661 66116611161 66 666 16111611 16166
Ronville 111 1116611 11611161166 66161666 1616166113 61 16166661161666
116 36116161 1611616 (12 Febr. 11311111, 118; - 66 1111161116 11616111 161
1166111661611166616116 1116611 ingesteld (1268) 6111111161 1161111111 161
1160, ΙΙ, 491 - 66 11666161) 116161 6661 11666 06161166 XXII gelast 6161 een
666616661 166 116616 66116611161661116 Begljnen 166 zijn 1166661 (141161.
l321), 11, 8⁰·813 -661166616111616161166 Begijnen van 11611661 11 16116
661(16 Aug. 1323), ΙΠ, 1-8; - 16 6111166661 61 11666611166661661
36161161166116116166 111 1611616 (614171112οΗ - 1661166 1611616 van
11611661 61 6116116166161116611 6661 666 11666161) 1161111 126166 66 661)
inquisiteur Ρ16161 1116116 6666116611, worden 61 6661 661 11666161) 16111661 ⁶
61 1611616611116666 61161161 16166166616, 16166 161161 161666 1116661161
(2511661110 1161 1420), 1, 299·³03; 111, 16631- 6611666161) 11161116ί
6616661 161 661 166611166166 66166 (111116 061116161611616161166161
116166 6661 66661 1616161161 16 1161616111 1611166111 (1459), Ι, 342341ςν
1616611616116111616116166 66 1161666661 (61166 11596 061. 146211,
3463613613911 ΙΠ, 89-109; - 661 1111161161 11166111 61 11166 1616661116
6611666661 (166123 Νο1.1412),Ι,434·436; - 011 11666116, 166 1611116611·
1661611166616116181. 0161616, 61611161611611 16 161 1166611 1616611111
(170611 14701111, 1221 - 0 66 16666116 616 16111611611161661136 (15 0161 1480),
ΠΙ, 122; -066116666116 116 inquisiteur bevestigd (22 061. 1484), ΠΙ, 141; -
0 61 16666116, 1166116-366616616611166111661616166, 116 16161611611161661116
(4 0611 1486), ΙΠ, 1431 -066116666116, 11611111611661161661116 (18 0161 1481).
ΠΙ, 149; - 0 61 16666116, 616 16111611661 16166636 (1 Febr. 1488), ΠΙ, 149) ·-
06116666116, 616 1611161166116166113669 Mei 1491), 111, 1503 - 661166111661
Matthias capitoli 1611111111661 11 1611166661 6111661616 (19 Νο1. 1104),
ΙΠ, 115. (116 66111166161166, 61 111616)

1116611 (66666616).1161166616116616666116616 66 06166166 (litteram)
66 1116611116, 616161 1161611616 66 11661 anderen vervolgd 61 16111116 (1182),
Ι, 47-121- 11111]611,116661611 116 1161116, 61 Ρ1111116 161 661 111166. 11111
161 1166166161, hebben 61 6616 bijeenkomst (kort 16 Kerstdag 1182), Ι,
41-48, 46-51; - 66 1116161116 11616111 161 11661116616111666161 616111
111661616 (661 116161 611111 616 1616161661 (1538) 66 111111 61 1161111111 161

1660, ΙΙ, 40; ΠΙ, 160; - 66 16111611661116161116161 61 661 61661661161-
11666 16166 661 11161116616116111666111 Η1166161 61 61661 1611 116161
11116 16111611 66 6661661616 11 6661161611661 66611166161) 1166111
1116611 1111244 1616611116 116161, Ι, 115-1163 - de 0661616616 166166 1616-

 

