*VALENTIANAS - VAUX 431

410441 444 1411414014 14441( 444 04114443444444144 Regna 114134141144 Ρο1414
4411144044, Ι, 150, 151-158, 150; - 04011140, 4141444 11144344, 0041 Ρ14141,
1414401404 444 Κ4441ῇ1,1441444 4404110411 04411441 04140113414441314410
444 04 84311444 444 014 414414 341441 (3411 1313 [0113991)), 4411 444 3444113
0010441 4441 1444 (5 Aug. 1392 [01 13931]), 111, 4-5, 0-7; - 444 1411440144
4140114441, 014 met 44344441180 0444414414 41114111 4441 11001411( 34110-
11444 was 4441444 1141141401( 44144044 1440 34444044, 114111 met zijne 144404
4441 1141444114, 44441 141) 4444440 14440411, 44411434441440 444 wege de
34441414114410 04144441 (144314 Sept. 1349), (Ι, 190,199];11,91,103(-0434-
4441450 0444414414 411 14144404 14 11441411( (3 041.1349),[1,<190, 193]; 11,
99, 10ος - 44 444043 zijn 41 410441 300 (1444414414 4110010140141, 300 uit
(1441, 950 1100414 (4111114334803444141111444 uit 00404 44 140, 4444441 14413414
4141100414, 4111114441 (1349), ΙΙΙ, 19; - Maria 04 valentianas (0044 7014441441),
40411414141444 444 1411414014 140411 (0. 14001), 11, 1883 — 410441 44041011141144
’1144014 (01 Thulin), de 1440104444 041 11411414 444 11444441 (1410), Ι, 300, 3091
ΙΙΙ, 59, 61; -10144444 04 1044444141444114, 0401 044 Κ44441104441444
1414441444 ,144 44 044 1444141441 Simon 04 Laude 14 1144441111( 44144130 44
3411411410, 1444314141( 04 44 44101414 1411411414 0434440444104144314-
ven (1430), Ι, 318-319; - 04 14441411441 144 04 l'Abbaye 44144131 41140014
01141104 44 Willem 1141440114, 4401 44411144 1441414 444 34401411 44141441
munchen 044 44431411441441441 3444141411 1441444 144441141140419111411447-
19 114141. 1448), Ι, 390397 3 - 04 1414441141 Η41441144 14044101 41401111 41441-
0401414 4141114344 (1459), Ι, 349345; - 04 144414144144441404101040411144114
80404144 41401111 41 14444 4410401414 4414444444, 014141) 4104 144441 041
vicarium-genem} 444 Kamerijk openbaar herroept (44 95 Aug. 1403),
1, 398-409; - 11141041 1114401401,414011414441444 1441 41044141 444 110441 44
41101 444 1441 414011144144111044141444 94144444, ΙΙΙ, 151, 101 1444101441
14 1441 14140014 14144141 4443441410 (16 Nov. 1489), ΙΙΙ, 193.

Valentiam (114114 04). 114 114414 41 vamum.
14114 (symon 04). 114 34404 44 vn.

444 041 11414014. 114 9444444 441( 14044444.
1441 (10401444). 114 1144044444 14444.

1414414 (10444444 04). 114 141( 4414 Vanum.
144444 (911114). 114 944144 144044.

14440114 (1414444444). 114 141( 14444444.

1441144 (1014444444 (14). 114 141( 41 wasnau.
vnuoeuo (941144 (14). 114 Ρι1144 44 1144444..

14404141, 40404441, 441040131 4041 1441Ρ411444441444 Ρ411)4 04 4441113-
14410 444 14414411440, 4441141) 1441 14411141 444 Doornik, 4443444 04 1411414014
4414444444 444 14144041 144 443411, 444 04 (41404101040414 444 11001411(
1441 recht 04144104 14 1441 4414013 443 14 41401444 (18 1104. 1489), 111, 194,
196-197, 198.

vau (1101414441 04). 11414441144 11441.

 

