PIETER LE BRUN — ΡΙΕΤΕΒ SYBOR 405

66 663366, 66 61 6166 16 6616 6666 0761666166 66 6661666616 66116666 (1460),
[ΙΙ,266];111,113;- schimpdicht 66366 6661 66 andere 1611613616 661
1161666666 66 6616666 1666366616616(6..1611. 1461), 1,387-389;- 6661111136
1116611 1661 666 Ρ611616666 3666636 (6166. 1463), Ι, 396, 391; - 6661 1611
16366666 6661666 666 1611661666 166 Parijs 3666316616 661 66616661616
take 66 6616116166611163 661 66166666666 9161666166 66 6166 1666616166
(6 Now¹ 1469), ΙΙΙ, 116-160; - 36666616 16 666 1666161166161) 666 Ρ611616666
166 Ρ61116 66 16166666666 Waldenzen in 66666 66166166616(20 1161 1191),
1, 4636866 11, 331.

116661 16 11166366661613166Ν6111616 11661)Ι 016616611166 6666661 en 111116
11666116 worden 66 11611661 616 666161666666 16161666 (13 66 361611 1446),
111, 83, 84.

116661 16 16116,1οο161111666136 1166661 166 1666616116, 16 666 11116616666.

1161663 Philips van 3661366616 6616616 11166 6666666163 (11 1166161430),
1, 313.

11666116 11116161, 16166161661 66 11611661, 6661066116166 16 Β166 116666·
1616 66 6661166 366661166 (1661 1311111 1146), 11183, 31.

116661 1666616, 66 06661661 den 6116 166 6116 161611 36666666 661 66661
66616166 16 66 vasten 3636666 66 hebben (8 April 1615), 1, 524.

’116661 16 3661, 6661 666 6631661666166 1166111111 36166366 61616166666
66 66666161 666 66 66666 661 1061666166, 116166 6661 66636666611111661
6636616666 (17 1661 1460), ΙΙ, 363-264.

116661 16 1616616, 1166116166 661 11666661661111666161666616 166 1166111111,
6661611166, nameus zijn 11666661, 66 616166616666 mot het 16616661 166
1166111111 16 66 16611 161 166 663611 (1 116616 1483), ΙΙΙ, 136.

11666111 1161661161, 61666666 166 11611666, 66611611 11136666 66111666 666
Ρ6116166116 166 1611116 3666316616 om 6661661116 16 16116 66 6616661666111113
66116166666666 Waldenzen 66 11611 16666111166 (61161. 1469), 111, 116-118,

116661 16116611 66 16116611, 1166661. 66 Ρ616666 met 6166116611 6661
6666666 166 666 inquisitam· Robert 16161666 (1335), ΙΙ, 41, 43.

116661 166666. 116 116 Ρ66666.

Pleu· 11611111,161101166666166,66 06116 1163666 3666166661163 6661111613
161611 661116366661) 16166166616 (30 Dec. 1430), 11, 272.

116661· 11166161. 116 11161166.

1166611116, 66 06661661 666 tijd 166 6116 16166 36666666 6166666166
616166 16 66 vasten 3636661166 666666 (816111 1416), 1591.

116661 1161616, 66 06661661 666 6116166 6166161611 3666116611 1163666
6161666166 666 6666 166 66661 16 66 vasten (3 Febr. 1681), Ι, 514-536ς
111, 171.

1166613166, 6161166661 661616666661666166, 36666 1666663163 666 66
11116111ῗέ163166666616616666166111666661 166 1616616613 (3-9 16111669),

 

