DELEHALLE - DEVENTER 217
0010110110 (John). 110111( 1101001011.

1101001110, 1101110 01000011 10 1001( 101 1110011001011111000110110111101,
’0111 gepunigd (11011 11 5 April 1160), Ι, 167. [1101 10101 naam, (00111011
0111111 011001οῐ0011 0110110100 001 1101 000011 3001100, 001111 wel
010011 11Μο 01 1100900110 10110100,01100 3009001100 (3001000000) (10 Doue,
01( 101011 0000100010110 11100101111 11 11101.)

001110γο (1101101). 1101110100 11110111.

0011010000. Ρο01 1011011100 XXII 1000011 100 011101 1010. L. Vrouwen·

011 111011 101 1101 Begijnhot 011 0011011101ᾱο 10 (10010101 10 1001 terug·
80101, die 01011 werden 0010100101 (13101. 1317), 111, 160101; - 0000
1011011111 1000011101 011101 101 st. 0010111011 10 0100001 001 10 infir·
0110 011 1101 1100111101 001 00110110110 10 30010101 101001 101οε·
00100110 01011 werden 0010100111 (20100. 1010),111, 165; - 11011οο11
0 0101,110101100 011 1111101111, 10 11010101 van 1101Βο10110( 101010111
0110100011(01001155111101111011011 1010100011101 101 Begljnen in 10
11· 0000, 111, 160101.

Min 8000010,11111011)100101 011 1101 1100010100ὴο 11000101, predikt te
010101111000001100110 0010100101,(110 110 (111110 001110100101001001

010101, 01 11001110 op 10001 101 010111100130101011 001 1101101111( open·
011 110110ορ01 (15 Aug. 1163), 1, 308100.

0011100110 01011010 (00110110), 110110 01000, 111 10110110 001 10 00010 101
1111011100 10 1100001 op 1101001 1011100101100100100110010101 1001
1100111 0000011 (0. l Nov. 1150), Ι, 010311ς - 0011001 001 011110 0111101
0 (1100011οε 11100110 0001 hare 11011011)Ι 01 11010 1110111011 (00010 11011160),
. 01035ος - door het goestelljk 1101011 1110011 00100110011 met 001-
0011001110111311110130010101 (0 11011460), ΙΙΙ, 80-03, 0ος - 10 11100111
0111011111 0110 1100011 00111111 (0 1101 116011, 351, 3511151, ³55; -
001 ’1 Ρ111011011001 1101110111 11010 001 10101011 (20 1101 1101),1,160·

100 Ananim: 01 100 1111001 (011111). zie 00110 010 Amnum.
100 00101100 (110110 01 1111011). 110 ,111110 010 01101110.
0000011100 (101111). zie 110 0100000010.

(100 1010 (111111). Ζ10 11000111 nm 11000.

100 110100 (1000100). 110 11001 010 1100100.

(100 1101011οι (60101). zie 01101 0101111100.

00000101. De Deventersche (1001010010 Romen terug in (10 0101 (3 01 11100.
119), ΙΙΙ, 38; - 011011 0001100011 010010, (110 10101 101 1101101001οη
10001111 Bartholomaeus (010011101100) 110011 (0. 1380), Ι, 21η - (10011
10010 0101111101 0011100000 om 10 31001010 01 1001010 010 101 gemaene
001 10ςο1 10 0011011113 011 11011011) 10 0011011001 (00011001),11, 150·
11; - 11 1011011 011 11101011 1101001110 111101 000001 31001010 011 101
0110010 10001 (0. 1181), 11, 1503 -' 111 101Ρο01101, 00110001 1101 0111,
00111 1101 op 0001 00011010010 01 10 111οο1010 001 101 gemaene 10001 01

 

