mn KET'I'ERS EN KETTERIJEN

1460. Jenm'n van Inohy bepredikt 66 61616116116616116116 116616
1111161116ῃά, 1, 356, 357.

1460. 1161616 1161666666, 1166166661 666 sergeant des Konings‚
1611661611 16166166 16661666 61 16161 1663616166, 1,
360, 361.

1460. 1661666666161, Spaansche koopman 16 Brugge, onplich·
11366616116111 16 11661611 1611116616, Ι, 361-364.

1460. 66661681661661666 16 Bruggo wegens 16116111 16116186,
1, 361, 363, 364.

1460. Pierre 16 8661, 116116666163661616116, Catron 86661116
66 1666661116 116191616661, 16166661 16 1161166166 161
66 66616 661 1161666166 166 11166111, worden 16 1166111111
16116116, ΙΙ, 263, 264.

1460. De 16116116 catherine Ρ61έ6 16 1111661 16616663661616 611
1161166666, 11, 265, 266; 111, 112.

1460. 116 6661611661 166 1111661 16 166 6616661, 6616111616666611 16
66 6166 6611111166, 11, 266.

1460. 6166166166 16Μ661661111 11166111161111666, III, 111.

1462. (16166166 16116116 Brugge 6661666 magistraat 666 666
1116661161) 166 11661611 61136161616, 307.

1463. De 166611116611661666111166661 1166111 36666166 11166111
11166 1616661116 6611666166 16 1161666116 66 1161166111,
1398409.

1464. 1166116116 116611, 1116666666, 16861166 1611166111, 1, 409.

1465. 11111 61 666 116616611666 1611116611166116666616161666
116161, 1, 409-112ς 111, 116.

1466. 11166 61666111666616 1116611166 1616661116 6611666666 16
Κ6166111166 1611611661, I, 412, 413. 1116 van Kamerijk
1161166111, 1, 419-422.

1468. 166, 11661666 Ν66616,11616116 ongeloor 16816116 uit 66
(161666111666166 16616166, Π, 266, 267.

1470. 81111666 6666 bul van Paulus 11 611661161111161611616 16
166166, 616 666611 6661161161 16166 16 666 6611661661
11663666166166 16 omliggende plaatson hunno dolingen
1611161666, 111, 165-107; ΙΠ, 1111.

1470. 1166616111 666 Ζ66166ν6616166166161666111, 1, 423.

1471. Ρ1616661611166 16 166166 16166611, 1, 423.

1471. 11166161 1161116116 66 316666 de Pospo 16 1611166616 11611616
161161166616611611, II, 268.

1471. 16161616166616666166 Ν11161 616661 1161666 16116111 16166-
gen, II, 208.

 

