WILLEM VAN Locmffl - YSENDIKE 445

1100101111 00 10 Β100001,1010000100001010100101000103, 101 1110101οη
0101011103 10 1011001001 100 Sellas 00 101 1011010101111111001103 10 000
11000101 011001 0110 (121001 1411), Ι, att-2793 -11101 1011011010010 dolin-
gen. 110111 1011101, 1, 211178.

willam 100 1001001, magisteria 100110,1100001011001010 30130100111011,
301001 101 Ηο030001001 100 Ρο1110 01 101 1113001000 concilia 10 Constant,
ondaracheidt 010101 0010110 1101011001010, 11011101100 10300 Matthaeus

1110101100 100 100110010 101 11001010 00 1001010100 10130010οη0 10100
(1418·1419), 11, 118, 229.

willam 110 1101110 (0011011101 de Partim), predikheer. 10101000100 100
¹ 1000,11001110101100 100 1110000100 100103 00 0130000001000011110101101-
011001 1010110010111111110011111, 01011 000 0010110011 10 010110 1011010010
Το101011111010 011 10011 100 1010111111οη 0101 100 100 1110000100 100103
tegentem, 1100101 1010 1001010 000 edict uitvaardigt, dat 10 101101-
310300 10300 100 103011 (14 Sept. 1307), 11, 51-58,11456;-10011131000
110101 011, 3011011 10110 10101011001000 11001010 101 110111100100, 001
010111003010110001113100 01 10 110100 10 101 001011001 1011011010010
Το101011111010 (22 Sept. 13011), 11, 53, 56-573 - 10111 10 1011013103 10010
1100030010010 103110 1013010110 Ρο1010 10 Ρο1110, 1001 1001 10110011
3001111111001 3000101111οη 00 301301001100 01100100101100100, 00 0110011,
00101 dit 101101001 10100100 1100 (11 April 1310), 101 100010 103001001
011 (81 1110113101, 1, 1551601 11, 68-14.

11111010 1111010011, 301013οἰ0 10 0010 0130100011 010110 1011001103 100

10 0101110300 100 1100101 100 103011 10 11001011 (2 010011 1483), 111, 138.

111010010101,11000101 111 1110110. 111001 110111 0000 0010110010 0010 100
3011010 101 81001010 100 101 30100000 10100 013001011 (11 1110011 1395), 11,
156-158.

110100011111111000110111001110100. 11011011ιο1001( 1111111111 aa 11υο0000001.
1110001000ᾰο (1010000). 1010001110 wasnaum.

811101010011000010). Zia 8001010111 00 1111110.

woudrichem. Da 003001110 Bartholomaeus (01 Βο11101100) 100 1101110011
110111101 1011010010 0010100000 (0. 13801, 1, 240, 141.

1100101 (1110110100), 1101111001, 1103000 1011010010 0010100000 1001100
11000101100 1111001110110131, 1011οο11 10 11110011 (1510), 1, 498.

11011100 (100 autor). zie 1011 00100 1110100011.

Y

1101010 (Pictor 100). Zia Pmaa 110 1010011.
11101. Zia 1010000.
10001110 (1101110111 100). Zia 1101101000 1111 1001101110.

 

