222 ALGEMEENB LIJST DER STUKKEN

14601616· 19, 11666111.1166616 166 1111661661( 0661 06 1166116666- ww

36661661 166 16166666, 1116661166 166 11661611, 66 0661 066
616011166111161610166166116, 1166116 166 066 6666611166
166616116611611661111116113666161166 166 166106616166 066
111611( Jacob de 1161616161,866666616616666166,11666606 16
1116336 (Notum 16611661) .............. 1. 361
470 1460,166121,11161661.Ε61616161611163 1611 16661 06 1161661161 0661
Philips 066 06606, 161163 166 1661366016, 31661166 111666-
06166, enz.. 611361616166 (666616 faiam) ........ I, 161
1460, 1616· 23, 11161161. 0611611163 0661 161163 Philips den Goede 166
161 166163 361630 op de goederen 166 Jacob de Gommiel
(0661616 66361661) ................. Ῑ, ³55
1460, 1661· 22, 21 en 26, Abram. [1111161661 611 06 1116111111 166 1 aeques
16016166616106 6661660163166166166666166 166 Ρ16161
06 (16116611, 111161613616 1661116611, 6166606166 066
60611666 Payen 061666116111661111666 1116361 Jacob Guille·
mart 66 611666 0166661 1163161 (Le mijv jour) ...... , ’
1460, 1611· 7,166611.1166616 0661 06 1166116666-36661661 166 166
16611161, 11666166166 1116611, 66 0661 066 6160111661
Ρ16161161116666611, 6606116661611661, 611366616166 16366
16611616616661) 06 Β61116661, (111116 06 Β161166611, 1116616116
06 1161616116, 061616116 (161, 16116666 Β616106, 1161161166
1166166116, 116136161161116616166 66 1616666 1111666166ῃο6
(Notum facimus) ................. 1, 368
1460, (1116161611 Mes· 9 611 1616· 1), 0166611. Uittreksels uit een gelijktijdig
1611663 6161 161 36161 06116116166116 11’61066166(116661166116
cam) .................... 111, 93
415 1460, 1661· 221611 16, Atrum. 11111161661611 0611661111 1661666666 Du
clorcq over 1611661601166 66 1611166066166 11166 mannen
66 1161 11661166. [1666616166 1161066 666 man en eene
116611 611666 161 06 361663661616166106610 (1660666606) 1. 310
1460, 1611· 21, 066661. 116611111 (1001 1478) 36616611 0661 066 3110161
11661 Ρ61161166 66666 11161 061 6616116666 666 016166
6116611 6161 06 1116161163 166 1611661016111161163 166
36606166161420161116366 0661 06 6113666666 166 161
06601616610661061161161611 1611166616) ........ ΠΙ, 101
1460,1611·16-28,166661.111111611661611061116ηῇ111661666666116016166
616106 6661660163166 666136 6660661116 11613616, 1166166·
06111166 661666666, 6161 161 66111661166 166 6606166, 6161
06 6106610163 061 3666161116 1661111661 66 6161 06 6136-
166666 1161661163 16 0116611 66 16 361661 161 1661611111
1116611111 (Iac xvjvjour) .............. Ι, 312
1460,61006616361116,166661. Uittreksel uit 06 11166111 1661666666
Du Clereq 6161161 1161161111 1166166616 16366 0116 3611661116
11613616 611366616166 66 6161060666361100616, 016 16366
16666 6666663616 werden 36116111 om hen 161616116616
16166616 36661166116666161661) ........... Ι, 375

 

