272 CLEMENTIS - comm

vorvroemd (23 301. 1316), 111, 165; - 01011 10130101601011,ρ10611111001,010
11011011011 11 60 1111100110 101601001(111101 1318),1,522;- 60 30630
1001ᾱο 1100111011 101 Ρο11)0 00161 hem 101 61 Fayt om op 601010016001113
601 0000010010 001 10 6111301 (1661 5 001. 1319), ΙΙ, 303) - 11 01110
10301100161311016 01 11 610 101 hot Η. 0011030 10161 10 1113101 6001
11100601 ,101 61 11ογ1. 600101 11 60 306301001611016 van 60 1011100110 110011-
1011, nameus 610 900111οἰ1 01 nomene 601 1101113 101 Franhrflh⁹ 001
1110011113 00111001 103011 60 (1000010010 3011011601 (3 001. 1319), 11, 303;111‚
2838) - 10016131 0010 bul uit, 0001111) hij 001 (10 aartsbissohoppen 01
hunno 0161030101 1101111, 601 111) 60 00010 601 (1000010010 010 1011010011
101001110οΙ1 01 60 101111010101 11011010 016016111111113 301001 (20 001. 1319),
Ι, 129201, 11, 116, 111, 126, 122, 123, 121, 125, 126, 121, 129, 131, 131,
132-133, 135, 136, 111; 111, ²⁰3 - 001111 01)υο 10100160011113 (101 (1000010010
001 601 bissohop van 1101101111( (25 001. 1319), 11, 111, 396; - zijne 01110301
(10 0000010010 10 000111101301101613601 Febr. 1359), 11, 93-100, 110.

6101001110 (victor). 2101110100 0111111110.
610110100001110). 11011001 0110101.

6101101 (1101110110). 110 1111111100 0111101.
11111101 (thomis). Ζ10 Auem 011111.

110110 (hillis). Ζ10 010110 Com.

11010 60 1110010110 (11100100 60 (10110110 01 61010110), 300016 111 11010110 comto,
vrouw van 601 0060110101 Bartholomaeus 1101110110111001101, 0101000111
1101 60 00010 6011101601001 1011100111 00130101601 011 10110136 (1101110
9 Mei 1160), 1, 3553 - 6001101011011000101 100161 6001 60 3010010100111010
1101100111 01 10110101010130 3010130110 1101001600160 J uli 1160), 1, 368·
3721 - 6001 00101 60111001601 101 't Ρο11011011 111 6011 11011101 0011001
01 10 Ρο1110 11113001101101 (31111 1161), I, 393, 391; - 0100111,1661’1Ρο1-
1011011 101 Ρο1()0, 1101 horon 0011301001 Bartholomaeus Hermam (01 1100·
1101), haro 001010101011113 01 10110111 610 (26 Μο1 1191),1,161183; ΙΙ, 392.

901011 hererico, 1661 601 magistram 101 Doornik 30600311 010 001 101
hon, 610 op 30 301. 1121 3010036 haddon 601 1101101 Jacob 60 3101101100
301010160111016 111 01)ηο 3010130110 10 1011011001 (12 Febr. Ι121),111,70-72.

1101011 61 11000101, 1011111111( 00130011; 10301 01110 0010033113 11 het
30001111 11000101 1011101111οΙ 101 11001111( 01 60 1111160111οο6οη 61010106,
10100111 6001 60 1011010010 110010100111006011011 1103011, 110161 6001

00ὶὲ1301οο060 1661 hot Ρο110110111101 Pariis 111010013011011(131101.
113 ), ΙΠ, 121-129.

colam, 300016 20001, 11001 van 3011111011 01 11010011, 116601 101 001 016 01
06011111( 30010011 10 11110011, 010101101101 60 seete 601 9101601001 gevon-
3013οη01101 (211111 1160),1,361-363; - op 1101 10100011 101 hem 01
016010 3010030101 1101601 60 1100111001 101 601 1110001101) bij 6011101103
101Βο1130161130001601, om 306301001601 0101 60 mah 601 9101601001
10 101011010060103011 (166101 no 11013. 1160), 111, avo-3783 - beprodiht
01 101300001113, 0000111130 30νο1301001ορ 01 011010 3016100101001001·

 

