PIETER DOU PRET - PIETER FLOURE 403

116161 161 Ρ161,1161111661 den 11666161 61 161 1111111611 Ρ161611116116
616 161161 16166116611 61 1661161 1616111111 361661116111611 (3 Febr. 1416),
1, 281.

Haut (1161161111 11 66116116, 1661 1116 111361 161 1116611, 616161161161
16 66616 161 1161161161 66136161161 (111111 1460), 1‚467; -door 16
1166116661 161 161 11666161 6116116611 (116113.-3611.1460), Ι, 318; -
161161111 61 16111611 (22 061. 1460), 1, 319, 380, 331-382, 383, 384; - 61
1616661161 61116 6113616161 6116611 161 Parlement 161Ρ61111 16361 11116
16611616 661 161116 161 661616161611113 111, 11661661 1616 1161 6111161161
(61161. 1469), ΙΙΙ, 116·118; - 116111 1661 161 Ρ611611611161 Parljs op
6611111361161 11161 1661 Ρ1616111 11116 661 16161611 (10 Mei 1401), Ι,
133·483; ΙΙ, 392.

Pictor 16116116166116116161161 06116161,1166116-36161611161 16111666161
161 1116611, 16116131 16 Α116611 16 1611616616 66616 161 1161161161 (61116
1450 61 begin 1460), 1,341;-1636611 1161 met de andere 1166116661, 161
¹rnquiniteur 61 161 61166661 (111116 16 11611613 1661 11116661 11) 161 161163,
161 1116161) 11611161166 1111361 (14 Aug. 1460), Ι, 316, 31137ος - 16111
16611616 Ρ11611 met de vervolging 161 1161161161 361661 (6. 1133611.
1460), Ι, 316311, 318; - 16161 1661 Ρ611)6 (11 Febr. 1461), 11661 hij 1661
161 1661 161 3611111611 1661 161 Ρ611611611 werd 3616631 (16 Febr. 1461),
61 166116116111611611616 16113, maer 111131161 161 11666161161 Α116611,
1161161 16 Rome 1611111, 1661 161 111111161161611113 161 Η13ο 11111611,
1, 390-301; - 116111 1161 161 16113361661161 11666161161 Α116611 616
1166116-361616616136161(6. 1 Ν61. 1461), 1395, 396; - 16111 661166111136
1111611 1661 ’1161161611 3616631(6161. 1462), 1, 331; - 1661 ’1 Ρ61161ι611
nt 6616161613661113 16166116611 (20 1161 1491), Ι, 461-483; 11, 392.

116161 (1161611) du 116111161, 1661161 magistraret 161 11661111 3616631 om
leelgenomen te hebben 661 16 61116161, 116 1661 1661 161161 Jacob 16
3111161166 1111111 361613611616161166661(121’611. 1421), ΙΙΙ, 10-11.

116161 (risun) 111161, 16611111611136 161161161 1111661. Η61163 Ρ111116
161 361136111616166111116 6611611113(11 116611 1430), 1, 313.

116161(1111611)161611161, 16611111611136 161161161 1111661. 1161163 Ρ111116
161 361136111161661111116 6611611113 (11 Μ6611 1430), Ι, 313.

1161611116,1161111661,116166661 11 16 36136166111611 61 161661116
111111161111 161 161111111131611111136661611116116111616 Reims), 1616631
11661616161 161 1111661, 161 61161161611 11116 6161 66111161 (131111 1411),

1, 213281181( ΙΙΙ, 40-50; -16661111131, 11 6616 16 ’161611113 36161161 ,

11661, 16161616166161 161 1111661161 1611611) (1661 22 Aug. 1412), 1, 2803
111, 503- 1161111661 161 magistraret 161 Rijsel verzoeht met 166111611 16
16116161 163616161 11161616 1161 6161, 163616 361661616161 1661 hem
1616631 (1111 Nov. 1415), Ι, 281; ΙΙΙ, 50-51; - 16166116611, 11 6111611161·
11131161 den 11666161, 161 16161161161 Ρ16161 161 Ρ161 16 0661111616
161161,1166116 dene 16111611 116111 (3 Febr. 1416, 1,181; — 1661111661
161 16116116136111316361 11161611 116166116116 11661111,1161163616

 

