JAN DU BREUOH -3111 GOOSSENSZ. VOS 311

111 h 110101. 10011111011130 101101 111 1100111 11 101 1011011010. 1101-
103 Philips 111 3011301010 1010011 11110 1111000113 (11 Μ1011 1430), Ι, 313.

101 1111 11011.Ἐο 111 1110110010.

lm 1111 11](1) 01 mh, 00010111 00 30030100101010 101 00 Pnrijsche
1100011011, 101101 10 1113101, nameus den 101113 01 00 30030100100 110011-
10111110301110010131010101 pens Clemens VI en het H. College‚ een
’11001113 10111001 10301 00 0001010011 (1 001. 1340), 11, 360 ΙΠ, 33331711
Δ-- 110101 111101 St. 30111 10 (1011 (1350), 11, 303.

111 01 uro, 100111Ιο011130 1101101 101 110111 11 101 1111011010. 1101103
Ρ111101 111 30113010101010011 zijne 1111000113 (11 1110111430), Ι, 313.

, 311 1010030011υο 11 001 inquisiteur 11001110ον111 11011113 1011110·
mm in 00 1011011011013113(1311-1333), 11, 40.

301 3000011101, 11110011100001 uit Βο11301010, 11110101) 101 Βο110111,
1111103111 111 001 11110100 101 11100111011013101001011011010 10010 001
0701001101 met de 1100110 10101011131010 (0. Febr. 14600. J 01. 1461), Ι, 346,

11010111 3011301010 30111·
301, 011111101100010010100011011110131..10001 in (1011010 01 werdt
1010111001110001 00110111311 111 1111111113. 1 1101. 1461 0110101),1,
395, 330) - werdt met anderen 0001 Η13ο Aimery 1111101 Ρ111011011111
Ρο11]1 3001130 (6 311. 1163), Ι, 306, 337; - 0001 101 Ρο11011011 101 101000-
101300011310100100010 (30 Mei 1401), Ι, 463133.

1111 10111011, 111 wasiers 1111) 11011001, ΠΙ, 31; op eene 30101110 101101·
10101110011011110001001 magistraret 101 11011101 01130101001 (35 Μ1011
1430111001 101 3001101111 0100110011 011 001 11110101) 111 1100110130·
10101001000100101 01 001 11011111011111 10101110110100101101 101-
00100010101 10101110130 0011101113 op 110101 01 11000, 10110110110101-
1101113101 11110 30000101 01 10111110113101 zljn 1101101101 1001, 10
1110011 0001 001 11110100 01 10 11011001 0001 001 1101111011 1011001111
(3 01 101101 1130), Ι, 299-3023 111, 5663.

lan 1“0(11)1110, 1001011111 101 001 31101101 31011001, 1οΙ01 00 10010 001 1101-
001001 10 Δ1100111101101301(0.11.1111 14600 111. 1461), Ι, 313313, 374,
387, 338; - 110101 0001 11130 14111011 1061 101 Parlement 101 Perus
3000030 (0 «111. 1463), Ι, 301ς - 110101 0001 101 Ρο110110111001 30101111 01
101101000101300011310100100010 (301101 1401), 1, 461, 163183, Η, 303.

111 00111111, 11110101) 101 chalons, 10011 101103 Philips 101 3011301011

1103011 11110 111011010131010 11 101 101101301 0011011011,30011111010111
01 01110110111010011 (31101. 1453), Ι, 333331.

101 1111101011,101101,0001 001 1131111001 101 Βο1301 011 001 11111ίεί1011
Simon 00 Laude uitgeleverd (33 111. 1430), 1, 3113 — 10 Bergen 1101 11110
110111 0001 001 inquisiteur bepredikt (13 111111 1130), 1, 314315.

111 0001101111. 101, prior 101 Windesheim (11)Ι 1110110), 1010110131, met 1101
01001010011111010001001 0100 101 windesheim, 0031000011101 101

’ξεδὲξέθω leven 10301 00 101000111011131111011011) (10110011 130510,

 

