WILLEM DE SALVAVARILLA - WILLEM LE Fnssvssss 443

willam 00 8010101110, 0001011011 Parus 00 00110010100 100 3101001111
101 11100001 10111, 111101 00000 111101 100 00011010010 0101 tune 0010100000
, 1011110011 10000 00 11011010 00 00 0010001011010001 0000010100 (0. 1380),
1, 248, 2493 - 1010011000111110010 010 01001101 00 1000100001 bij 0000
Urbanus VI 110101 000 (21 001. 1383), Ι, 150851.

1101001100οι, 101101 10 11001011. 000011000011110011 100 den 1000101001
met 000 0001011001 0101 11100 10010011100011 1011100000 (15 Febr. 1430),
ΙΙ, 308; - 10111000 (16 Febr. 1430), ΙΙ, 310.

11111οο 0110101 1111110110, 0001001000000 100 1101000 11000110 0000100-
101100 10100100010 101 1011000100, 0000 1100010011 naar den 0000 00 eene
0010110010 (10011440), 11, 310311.

0111001110,01100111001101111 het 11000101 100 0001011, 0011100101,
(1010000100 11000101, 00 01010001000100010100 1001101 10011101 van Doornik
10 00 1001 100 1011 0110011 (1 Μο011 1483), ΙΙΙ, 136.

1001001110111111,1101010000 101101 van 110111110101000010.

0101100 Ρ111100 100 3001000010 11010011 111110 0001000100 (11 1100111430),
, 313.

willam 01101100, 1110111100 101 0011011000οι Roman, pauselijke 0010110
’ 1001011100010 1100111111, 01011 00 0010 00 100 (10 010100010001000101011
10000100 00 00000111000010 00 101100111011011 1100111111 10 00 10011 1011
100 11110011 (1 110011 1483), 111, 134-137; - 01011 00 0010 00 0101 0010110001ηο
100 00 0101110000 100 1100001 100 Angeli in de 1001010111 10 Doornik
(0110011 1483), ΠΙ, 131-133.

1111001110οή0, 11011100 101 0100110010 1100001, 1011011010 0010110,
0101110 windesheim bij Zwolle eene 0010 00 100 0011010 van 00 Β1000010
100 101 00010000 leven (19 110011 1305), 11, 156-158; - 01011 10 1101011101 eene
0010 00 0101101101010011111100 000 (1110011001οη 1110001οο 1110001111 100

Β10010010101011 30 April 1401, dat de 1010001010100 00 11000010001001010
1011 10100100οη0 10100 0000100100 (26 Δο0. 1401), 11, 130-193.

willam 1000110 (0111000101) 01 1000010, 10001101101, 1100110011ἰο 10 0011001.
ΙΠ, 60, 61; op 0000 00101010 1011010010111000101001 0001 000 0001011001
01010100 (0000100000 (25 00011141011001 101 0000101111 0000110011 000
000 11000100 van Atrecht 01100101010 00 0001 00100 00 000 1000100001 010
1010001011οηᾱο 1011011011011100 10100 0011011100 10100100010, 10 0110011
0001000110001100 00 10 11011001 0001 den 1000101001 1100100111 (9 00 101001
1410), 1, 299-302; 111, 5602.

1111110110 Polme, 1001 11110 1101001 00 0010000100 0110011, 110001010
101101100 00 secte 0011100001οη 10110100 10 1101000 00 11001101100
0100 11001 Pariis (1111111100), 1, 310010 - 1101010001 00 1100110000-
00001001 1110000000, 1010011101 niet 00 110101 in 000 1011111011 00010000
(1100. 1460), Ι, 315, 316, 381; - 110101, 00 000 0100110001011011001 0110011001
10 1110011011 eene 0011001101ἰο van 000001001000 00 01010100 10110100, 010001
0001000 00110110001001001101010 111)0000101100(0.1011·Αο0. 1461), Ι, 304-336;

 

