WALRANDUS ΒΕ BAUFFREMEZ - WEDERIOUS 439

61 166111 611613616611636161 1136161 van 16 316616 166111661131611 161
161 11611611611(1061. 1331), 1, 181-185.

17111111161611611116161, 1116111, notaris van 161 1166161161 96611111
61611166616 61166111) 16 8116616616 1166111161 Jacob 16 06111161 1661
1161 3666161111( 161 vrljgesproken 116111 161 1611611) (19 Juni 1460), 1362361.

1761161661 1161161161, 1166111161 161 1161161161 61 91611661161, 116111 16
116116136161361 61 16111611 (1322), 1, 172-173.

Walter Ioelinqssr) 61 1161111361, professor in 16 36136166111611, 6161111661,
16116161661, 1661 6616 Urbanus V tot inquisiteur in de 96116616161161 661-
gestem (6. 15 April 1368). 1, 902, 207, 210, 211, 218, 219; - 116111 1611611613113
161 263361161, 36311161 61611616 11611616 11 16 911166161611611661
161161 116161 1v 61161616111 (9, 10 61 17 3611 1369), 1, mnu - onderwerpt
6611611 Gregorius XI 16 1161161 1161161 116161 111 6161 161 36111111 161
161161111611166116 3661616116136336116161 36311161, 1161116 1611161661
36611611113 1163116631 (71111137111, 221·222; ΙΙ, 391; - 616111 16 1111111
(1373), 1, 202.

1761161 (11111616), 11666166 161 06611111,116611 16 1161161111( 16 16111611113
11) 161 11111113 11611616, 1661 161 11611611611 116161116166116611 (17 Febr.
1236), 1, 96, 9798, 104-106, 107 3 ΙΙ, 42, 41, 381.

Walter (91611161)16 161161, 36161116 1761661, 11) 161116 161 1611166161
6116111611611661161 96611111 616 1161161 16166116611 61 11)·16 36616161
161166111611116611, 1166116 1661 161 1616111111361661116 1111661 16111611
(11161.1429),1,311,316; ΠΙ, 7176( - 16 1131611661 161 1111661 161161 nich
16361 (16 1611611116111161113 11161 36616161 (22 Dec. 1429), 111, 76.

1711161 (17611161) 916161, 1161111163616 166161113 1636106161 11116 1166161
16 116611111616161613 36161161 (26 1161 1420), 1, 298.

mrum, 616 1161161361 161 1611161116 116316 161 zijn geestelijk 61111
1616611 61 uit 161 1161611 Luik 36161161 (6. 1175-1177), Π, 13, 14.

17661616, 1611] 11611661. 111661 116161 ’1666611 11611111, 161 11661111 61
11616 116111, 116 16 ,4116611 163616 11611611) 161661161161 (1429), 111, 61. ·

Ι murm«, 16 1116611161 611616 11 9166116161 (1182-1183), 1, 48, 49, 60.
mutum). Zie 6116197111111.
’ mum (11116). zie 11 1161116.

1711111(116111616), 1661 161 1631611661 161 1111661 111361661131 1161 16
laten 16116361166111361 op 16 16136161113161631 1161161611611661161
6161 161 11666111) 116361616161161111611116111316136616161161161116116
11611616 (20 Dee. 1429), 111, 79.

11116,11666166161 Luik, sehrljtt 66161 16111663161161 11161661 161
11666166 161 0111616 6161 16 16161161113 161 11611616 (6. 1018), 1, 6-8.

1761611611, 61166161, 616 6611613611611611161116 111316 161 1111366616·
lljk 61111 1616611 61 111 1611111611 111111 36161161 (6. 1171·1177),Π, 13, 14.

 

