ALGEMEENE LIJS'I' DER STUKKEN 219

ι 1448,1>1ι1111.111111111111 111 1111111111 over 11 1111111111 11 11 Ν1111- M. Μ’

111111 111111 1111111113 11 111 1111111111 111111311113
11111111 1111111(11[11111111υοὶ1) ....... . . . 11, 263

1448. 111111. 111111111113111 Renon 11 1111111 (111· 11111) over een
1111111111 111 11111111) 111 Doornik en 111 11111111111111
11311 1111111 1111111, 111 111111 11111111 werden (111
1111111) ...................

1448, oenc. Oordeel 111 111 11111111111111 111111 (111111 (1111111
[cm-larius) op 11111113 111 111111111131111111111 111
11111111 111 11111111 1131111111, 1111 111 111111111 1111-

111311 1161111111 11111 1111111111111311111111(Δν111111
quinque) ........... 1, 311ς 111111111113 Π1,116

01111111111448, 11111. 0111111 111 0111111111 11111113111 11 1111-
111111-31111111 111 111111111111111111111( 1131111111,

1111 1113111 11111111 11111 met 11111 1111111 1111111-
1111111, 111 11 (111111111111111 11111113111111111111
(Contra quemdam fratrem) ............. ,

1451, 1111· 3, Kamjk. 1111111 1111 11 1111111111-31111111 111 111
1111111111111111111111111 111 8111311111 11 door 111
11111111111111 1111111111 111311111111 11111 Jacob (111111,
11111111 11 Ο1111111-Νο111-Β1111(Η1113111111), 11111111
dorp 11311 11 111131 111111311111111111111 111111111111
11 te 1111111111 1111111111 111111 11 11111111( (81131111) 113
1111 11111111111111111111 en 1111111111 11111 11 111 111-
schoppelljken 1111111 31111311 111 111111, 111111 11111111
1111111ο1111ο1111311(Νο1111[111111) ........ ’ 1331)

J (1451, 111· 10), 1111111. 1111111113 1111 111 1111111111 1111111111111
op 11 111111, 1111111 11 1111111 1111111111 111111 111111
1111111111 worden (1111111111) ........... 111, 84

1451, 311111. 1111111113 over het 31111 111 1111111111111 11111
1111111111, 11311111,1111113111 1111111 te 111111111111111
11111311311111111111111111111) ......... 111, 85

1451, 1111111. 1111111111] 111 11 111111111111311 over eene 1111111
11111111111 111 1131111111 monnik 111 11111111), 111 11
11111111 11111 11111 was 31111311 31111111113111131111
1111 1111111111 1ο111311,11111(1 11 111 1111111 herroepen
(01111111) ...................

1452, November 2, 0111111111-11611. 11111111111111111 11111( 111 111
111311οο1 111 (11111111, 11111111 111 chalons, opgedragen
111111 31111 111 Charolais over 11111111111131111,11111·

11111 111 11111 11 111113Ρ111111111 Β111311111 1111111111
1111111111111111131, 11111111111111311111111 11111111 111
1111111111 11111 (1111111111) ............ 1, 333

1453, April 10, Rome. Bul 111 111 1111 1111111111 11,3111111111111
11111111111111111 1101111,1111111 11 11111 1111111111111
over het koninkrljk Frankrijk 11111111 (0111111111 tuae
circonspectionn's) .......... Ι,834; 1111111113 11338

 

